12	152	142	3	1420622873.0	1	010001001:1	
12	204	142	3	1420623665.0	1	010001001:1	
12	151	142	1	1420622835.0	1	010001001:1	
12	177	142	1	1420623138.0	1	010001001:1	
12	191	142	3	1420623348.0	1	010001001:1	
12	155	142	3	1420622895.0	1	010001001:1	
12	158	142	3	1420622928.0	1	010001001:1	
12	165	142	0	1420623009.0	1	010001001:1	
12	182	142	3	1420623175.0	1	010001001:1	
12	192	142	3	1420623392.0	1	010001001:1	
12	163	142	3	1420622999.0	1	010001001:1	
12	143	142	0	1420622698.0	1	010001001:1	
12	162	142	0	1420622986.0	1	010001001:1	
12	161	142	3	1420622961.0	1	010001001:1	
12	156	142	3	1420622916.0	1	010001001:1	
12	241	162	3	1420624382.0	1	010001001:1	
12	196	142	3	1420623506.0	1	010001001:1	
12	145	142	0	1420622716.0	1	010001001:1	
12	142	142	0	1420622656.0	1	010001001:1	
19	363	329	3	1420634692.0	1	010001001:1	
19	339	329	3	1420631027.0	1	010001001:1	
19	308	302	3	1420628810.0	1	010001001:1	
19	314	302	3	1420629051.0	1	010001001:1	
19	336	335	3	1420630833.0	1	010001001:1	
19	318	302	3	1420629278.0	1	010001001:1	
19	329	302	3	1420629879.0	1	010001001:1	
19	330	329	3	1420630132.0	1	010001001:1	
19	310	302	3	1420628869.0	1	010001001:1	
19	306	302	3	1420628636.0	1	010001001:1	
19	347	302	3	1420632050.0	1	010001001:1	
19	303	302	3	1420628531.0	1	010001001:1	
19	334	302	3	1420630563.0	1	010001001:1	
19	304	302	3	1420628544.0	1	010001001:1	
19	309	302	3	1420628837.0	1	010001001:1	
19	335	330	3	1420630743.0	1	010001001:1	
19	302	302	0	1420628500.0	1	010001001:1	
51	696	691	3	1420795501.0	1	010001001:1	
51	695	691	2	1420795487.0	1	010001001:1	
51	715	691	3	1420796381.0	1	010001001:1	
51	698	691	0	1420795541.0	1	010001001:1	
51	697	691	3	1420795507.0	1	010001001:1	
51	691	691	0	1420795364.0	1	010001001:1	
43	588	574	3	1420787841.0	1	010001001:1	
43	605	593	1	1420788190.0	1	010001001:1	
43	592	574	3	1420787898.0	1	010001001:1	
43	580	574	3	1420787566.0	1	010001001:1	
43	583	574	3	1420787584.0	1	010001001:1	
43	576	574	3	1420787466.0	1	010001001:1	
43	585	574	3	1420787723.0	1	010001001:1	
43	599	574	0	1420787982.0	1	010001001:1	
43	575	574	3	1420787456.0	1	010001001:1	
43	579	574	3	1420787555.0	1	010001001:1	
43	600	575	3	1420788016.0	1	010001001:1	
43	593	579	3	1420787919.0	1	010001001:1	
43	578	574	3	1420787508.0	1	010001001:1	
43	590	574	1	1420787860.0	1	010001001:1	
43	584	580	3	1420787677.0	1	010001001:1	
43	589	574	3	1420787852.0	1	010001001:1	
43	581	578	3	1420787567.0	1	010001001:1	
43	582	577	3	1420787579.0	1	010001001:1	
43	577	574	3	1420787469.0	1	010001001:1	
43	587	574	3	1420787838.0	1	010001001:1	
43	574	574	0	1420787381.0	1	010001001:1	
14	210	199	3	1420623724.0	1	010001001:1	
14	214	199	0	1420623840.0	1	010001001:1	
14	239	199	0	1420624362.0	1	010001001:1	
14	269	199	1	1420625308.0	1	010001001:1	
14	280	199	3	1420626043.0	1	010001001:1	
14	270	199	3	1420625361.0	1	010001001:1	
14	226	199	0	1420624080.0	1	010001001:1	
14	207	199	3	1420623696.0	1	010001001:1	
14	227	199	0	1420624104.0	1	010001001:1	
14	248	199	3	1420624525.0	1	010001001:1	
14	199	199	0	1420623620.0	1	010001001:1	
18	298	293	3	1420628244.0	1	010001001:1	
18	299	293	3	1420628277.0	1	010001001:1	
18	333	293	3	1420630384.0	1	010001001:1	
18	331	293	3	1420630217.0	1	010001001:1	
18	295	293	3	1420628109.0	1	010001001:1	
18	355	293	3	1420632530.0	1	010001001:1	
18	313	293	3	1420628958.0	1	010001001:1	
18	365	293	3	1420638458.0	1	010001001:1	
18	297	293	3	1420628214.0	1	010001001:1	
18	317	293	3	1420629234.0	1	010001001:1	
18	296	293	3	1420628143.0	1	010001001:1	
18	294	293	3	1420628098.0	1	010001001:1	
18	327	293	3	1420629755.0	1	010001001:1	
18	366	293	3	1420638572.0	1	010001001:1	
18	307	293	3	1420628810.0	1	010001001:1	
18	305	294	3	1420628576.0	1	010001001:1	
18	293	293	0	1420628039.0	1	010001001:1	
33	518	507	3	1420730327.0	1	010001001:1	
33	514	507	3	1420722307.0	1	010001001:1	
33	507	507	0	1420720682.0	1	010001001:1	
8	340	73	3	1420631226.0	1	010001001:1	
8	130	90	2	1420622222.0	1	010001001:1	
8	77	73	0	1420621190.0	1	010001001:1	
8	75	73	0	1420620986.0	1	010001001:1	
8	76	73	3	1420621124.0	1	010001001:1	
8	78	73	3	1420621262.0	1	010001001:1	
8	90	73	3	1420621603.0	1	010001001:1	
8	73	73	0	1420620798.0	1	010001001:1	
54	781	754	2	1420799173.0	1	010001001:1	
54	761	759	3	1420798676.0	1	010001001:1	
54	739	736	3	1420797470.0	1	010001001:1	
54	756	754	2	1420798522.0	1	010001001:1	
54	803	769	3	1420799683.0	1	010001001:1	
54	769	764	2	1420798966.0	1	010001001:1	
54	759	758	0	1420798575.0	1	010001001:1	
54	754	736	3	1420798436.0	1	010001001:1	
54	757	754	3	1420798532.0	1	010001001:1	
54	746	736	0	1420797732.0	1	010001001:1	
54	788	754	2	1420799356.0	1	010001001:1	
54	741	736	3	1420797633.0	1	010001001:1	
54	804	803	3	1420799718.0	1	010001001:1	
54	764	736	0	1420798845.0	1	010001001:1	
54	758	754	3	1420798542.0	1	010001001:1	
54	748	736	3	1420797847.0	1	010001001:1	
54	738	736	0	1420797465.0	1	010001001:1	
54	736	736	0	1420797398.0	1	010001001:1	
26	403	402	0	1420693924.0	1	010001001:1	
26	408	402	1	1420699555.0	1	010001001:1	
26	405	402	3	1420695331.0	1	010001001:1	
26	406	402	3	1420695599.0	1	010001001:1	
26	404	402	3	1420694436.0	1	010001001:1	
26	402	402	0	1420693579.0	1	010001001:1	
13	157	153	0	1420622922.0	1	010001001:1	
13	254	153	0	1420624622.0	1	010001001:1	
13	159	153	3	1420622942.0	1	010001001:1	
13	179	153	3	1420623141.0	1	010001001:1	
13	181	153	0	1420623156.0	1	010001001:1	
13	180	153	3	1420623151.0	1	010001001:1	
13	188	153	3	1420623282.0	1	010001001:1	
13	172	153	1	1420623113.0	1	010001001:1	
13	193	153	1	1420623398.0	1	010001001:1	
13	184	153	3	1420623209.0	1	010001001:1	
13	208	153	3	1420623698.0	1	010001001:1	
13	311	153	0	1420628876.0	1	010001001:1	
13	173	153	3	1420623115.0	1	010001001:1	
13	206	153	3	1420623695.0	1	010001001:1	
13	186	153	0	1420623267.0	1	010001001:1	
13	275	153	3	1420625630.0	1	010001001:1	
13	187	153	3	1420623269.0	1	010001001:1	
13	153	153	0	1420622879.0	1	010001001:1	
2	47	29	3	1420618917.0	1	010001001:1	
2	285	30	3	1420626468.0	1	010001001:1	
2	50	8	3	1420618989.0	1	010001001:1	
2	21	8	1	1420618390.0	1	010001001:1	
2	23	8	0	1420618414.0	1	010001001:1	
2	35	8	3	1420618573.0	1	010001001:1	
2	14	8	0	1420618263.0	1	010001001:1	
2	43	8	0	1420618761.0	1	010001001:1	
2	22	8	1	1420618392.0	1	010001001:1	
2	13	8	3	1420618217.0	1	010001001:1	
2	30	8	0	1420618491.0	1	010001001:1	
2	17	8	1	1420618270.0	1	010001001:1	
2	58	47	0	1420619247.0	1	010001001:1	
2	42	8	3	1420618740.0	1	010001001:1	
2	29	8	3	1420618485.0	1	010001001:1	
2	18	8	0	1420618308.0	1	010001001:1	
2	370	16	3	1420650126.0	1	010001001:1	
2	10	8	1	1420618154.0	1	010001001:1	
2	16	8	3	1420618269.0	1	010001001:1	
2	52	8	0	1420619123.0	1	010001001:1	
2	9	8	3	1420618142.0	1	010001001:1	
2	31	13	3	1420618501.0	1	010001001:1	
2	8	8	0	1420618066.0	1	010001001:1	
29	418	416	3	1420707327.0	1	010001001:1	
29	428	416	2	1420708556.0	1	010001001:1	
29	423	416	3	1420707677.0	1	010001001:1	
29	417	416	3	1420707244.0	1	010001001:1	
29	460	416	3	1420713043.0	1	010001001:1	
29	456	416	3	1420712743.0	1	010001001:1	
29	519	416	3	1420739739.0	1	010001001:1	
29	420	416	3	1420707361.0	1	010001001:1	
29	419	416	3	1420707347.0	1	010001001:1	
29	454	416	0	1420712634.0	1	010001001:1	
29	455	416	3	1420712717.0	1	010001001:1	
29	422	416	3	1420707655.0	1	010001001:1	
29	421	416	3	1420707654.0	1	010001001:1	
29	416	416	0	1420707184.0	1	010001001:1	
69	1045	1042	3	1420810401.0	1	010001001:1	
69	952	939	3	1420808046.0	1	010001001:1	
69	992	939	0	1420808541.0	1	010001001:1	
69	1031	1030	3	1420809188.0	1	010001001:1	
69	960	939	3	1420808095.0	1	010001001:1	
69	1044	953	3	1420810177.0	1	010001001:1	
69	987	939	3	1420808469.0	1	010001001:1	
69	978	939	3	1420808325.0	1	010001001:1	
69	1030	939	3	1420809155.0	1	010001001:1	
69	1040	1030	3	1420809830.0	1	010001001:1	
69	986	939	3	1420808465.0	1	010001001:1	
69	953	939	3	1420808072.0	1	010001001:1	
69	1035	1033	3	1420809409.0	1	010001001:1	
69	1039	1038	3	1420809786.0	1	010001001:1	
69	957	939	3	1420808086.0	1	010001001:1	
69	1033	1031	3	1420809256.0	1	010001001:1	
69	949	939	3	1420808011.0	1	010001001:1	
69	1038	1035	3	1420809572.0	1	010001001:1	
69	950	939	2	1420808032.0	1	010001001:1	
69	972	939	3	1420808261.0	1	010001001:1	
69	1042	1039	3	1420809993.0	1	010001001:1	
69	982	939	3	1420808424.0	1	010001001:1	
69	939	939	0	1420807960.0	1	010001001:1	
34	531	520	3	1420780189.0	1	010001001:1	
34	1069	520	3	1421004589.0	1	010001001:1	
34	527	520	2	1420779413.0	1	010001001:1	
34	594	520	3	1420787937.0	1	010001001:1	
34	521	520	3	1420778095.0	1	010001001:1	
34	524	520	0	1420778353.0	1	010001001:1	
34	601	522	1	1420788039.0	1	010001001:1	
34	694	520	3	1420795484.0	1	010001001:1	
34	525	520	3	1420778539.0	1	010001001:1	
34	529	520	0	1420779808.0	1	010001001:1	
34	522	520	3	1420778227.0	1	010001001:1	
34	654	601	3	1420790491.0	1	010001001:1	
34	1067	520	3	1420973618.0	1	010001001:1	
34	523	520	2	1420778291.0	1	010001001:1	
34	572	520	3	1420786185.0	1	010001001:1	
34	520	520	3	1420777936.0	1	010001001:1	
49	665	658	0	1420791776.0	1	010001001:1	
49	670	658	3	1420792047.0	1	010001001:1	
49	675	658	3	1420792163.0	1	010001001:1	
49	664	658	3	1420791742.0	1	010001001:1	
49	666	658	3	1420791787.0	1	010001001:1	
49	678	658	3	1420792252.0	1	010001001:1	
49	672	658	3	1420792101.0	1	010001001:1	
49	660	658	0	1420791518.0	1	010001001:1	
49	667	658	3	1420791849.0	1	010001001:1	
49	663	658	3	1420791590.0	1	010001001:1	
49	680	658	3	1420792512.0	1	010001001:1	
49	669	658	0	1420791975.0	1	010001001:1	
49	682	678	3	1420792908.0	1	010001001:1	
49	673	658	3	1420792120.0	1	010001001:1	
49	671	658	3	1420792092.0	1	010001001:1	
49	677	658	0	1420792220.0	1	010001001:1	
49	662	658	3	1420791569.0	1	010001001:1	
49	668	658	0	1420791908.0	1	010001001:1	
49	674	658	3	1420792149.0	1	010001001:1	
49	661	658	0	1420791559.0	1	010001001:1	
49	658	658	0	1420791462.0	1	010001001:1	
57	808	760	1	1420800001.0	1	010001001:1	
57	792	773	3	1420799417.0	1	010001001:1	
57	809	807	3	1420800080.0	1	010001001:1	
57	821	760	2	1420801163.0	1	010001001:1	
57	795	792	3	1420799464.0	1	010001001:1	
57	807	805	3	1420799874.0	1	010001001:1	
57	797	760	0	1420799524.0	1	010001001:1	
57	762	760	3	1420798776.0	1	010001001:1	
57	816	810	3	1420800344.0	1	010001001:1	
57	833	831	2	1420801988.0	1	010001001:1	
57	831	828	2	1420801699.0	1	010001001:1	
57	800	760	0	1420799605.0	1	010001001:1	
57	805	795	2	1420799753.0	1	010001001:1	
57	810	809	2	1420800187.0	1	010001001:1	
57	796	792	3	1420799479.0	1	010001001:1	
57	806	760	2	1420799755.0	1	010001001:1	
57	826	760	2	1420801250.0	1	010001001:1	
57	773	762	3	1420799076.0	1	010001001:1	
57	828	821	3	1420801433.0	1	010001001:1	
57	798	760	3	1420799550.0	1	010001001:1	
57	835	833	3	1420802591.0	1	010001001:1	
57	760	760	0	1420798637.0	1	010001001:1	
42	567	564	3	1420784574.0	1	010001001:1	
42	568	564	3	1420784690.0	1	010001001:1	
42	569	564	0	1420784798.0	1	010001001:1	
42	565	564	3	1420784547.0	1	010001001:1	
42	566	564	3	1420784562.0	1	010001001:1	
42	570	564	3	1420784879.0	1	010001001:1	
42	596	564	0	1420787952.0	1	010001001:1	
42	571	564	3	1420784999.0	1	010001001:1	
42	564	564	0	1420784529.0	1	010001001:1	
31	487	469	3	1420716446.0	1	010001001:1	
31	497	491	3	1420718702.0	1	010001001:1	
31	471	469	3	1420715174.0	1	010001001:1	
31	1064	471	0	1420880460.0	1	010001001:1	
31	481	471	0	1420715928.0	1	010001001:1	
31	488	469	3	1420716470.0	1	010001001:1	
31	490	469	3	1420716828.0	1	010001001:1	
31	478	469	3	1420715497.0	1	010001001:1	
31	483	469	3	1420716160.0	1	010001001:1	
31	491	483	3	1420718020.0	1	010001001:1	
31	485	469	3	1420716292.0	1	010001001:1	
31	484	469	2	1420716288.0	1	010001001:1	
31	494	469	3	1420718617.0	1	010001001:1	
31	498	497	3	1420718763.0	1	010001001:1	
31	489	469	3	1420716647.0	1	010001001:1	
31	473	469	3	1420715308.0	1	010001001:1	
31	477	471	0	1420715393.0	1	010001001:1	
31	482	469	0	1420715983.0	1	010001001:1	
31	480	471	0	1420715797.0	1	010001001:1	
31	503	488	3	1420719711.0	1	010001001:1	
31	470	469	3	1420715112.0	1	010001001:1	
31	492	469	3	1420718201.0	1	010001001:1	
31	486	469	3	1420716439.0	1	010001001:1	
31	469	469	0	1420715023.0	1	010001001:1	
40	551	543	3	1420782694.0	1	010001001:1	
40	550	549	3	1420782664.0	1	010001001:1	
40	554	543	0	1420783505.0	1	010001001:1	
40	552	543	3	1420782767.0	1	010001001:1	
40	1065	543	3	1420956849.0	1	010001001:1	
40	549	543	3	1420782576.0	1	010001001:1	
40	543	543	0	1420781881.0	1	010001001:1	
37	703	537	2	1420795835.0	1	010001001:1	
37	563	537	3	1420784227.0	1	010001001:1	
37	544	537	3	1420781913.0	1	010001001:1	
37	635	537	3	1420788997.0	1	010001001:1	
37	553	537	3	1420782803.0	1	010001001:1	
37	616	537	3	1420788684.0	1	010001001:1	
37	538	537	3	1420781183.0	1	010001001:1	
37	545	537	3	1420782216.0	1	010001001:1	
37	537	537	0	1420780904.0	1	010001001:1	
30	459	441	3	1420712921.0	1	010001001:1	
30	461	441	3	1420713849.0	1	010001001:1	
30	472	468	3	1420715281.0	1	010001001:1	
30	447	441	3	1420712021.0	1	010001001:1	
30	767	765	3	1420798905.0	1	010001001:1	
30	479	459	3	1420715609.0	1	010001001:1	
30	464	441	3	1420714550.0	1	010001001:1	
30	451	441	3	1420712589.0	1	010001001:1	
30	453	441	3	1420712627.0	1	010001001:1	
30	442	441	3	1420711885.0	1	010001001:1	
30	458	441	3	1420712775.0	1	010001001:1	
30	448	441	3	1420712052.0	1	010001001:1	
30	765	573	3	1420798856.0	1	010001001:1	
30	476	474	3	1420715393.0	1	010001001:1	
30	474	467	3	1420715364.0	1	010001001:1	
30	467	452	3	1420714898.0	1	010001001:1	
30	444	441	1	1420711918.0	1	010001001:1	
30	452	441	3	1420712618.0	1	010001001:1	
30	449	441	2	1420712063.0	1	010001001:1	
30	465	441	3	1420714637.0	1	010001001:1	
30	443	441	3	1420711903.0	1	010001001:1	
30	457	441	3	1420712765.0	1	010001001:1	
30	462	441	3	1420714420.0	1	010001001:1	
30	450	441	3	1420712212.0	1	010001001:1	
30	445	441	3	1420711935.0	1	010001001:1	
30	573	457	3	1420786664.0	1	010001001:1	
30	446	441	3	1420712013.0	1	010001001:1	
30	468	457	2	1420714995.0	1	010001001:1	
30	441	441	1	1420711832.0	1	010001001:1	
1	3	2	0	1420616791.0	1	010001001:1	
1	4	2	0	1420616798.0	1	010001001:1	
1	6	2	3	1420617321.0	1	010001001:1	
1	2	2	0	1420616678.0	1	010001001:1	
66	1037	900	3	1420809530.0	1	010001001:1	
66	1005	900	0	1420808767.0	1	010001001:1	
66	997	900	3	1420808715.0	1	010001001:1	
66	922	900	0	1420807888.0	1	010001001:1	
66	938	900	0	1420807958.0	1	010001001:1	
66	989	900	3	1420808509.0	1	010001001:1	
66	954	900	3	1420808078.0	1	010001001:1	
66	1009	1005	0	1420808807.0	1	010001001:1	
66	1060	984	3	1420848434.0	1	010001001:1	
66	984	900	0	1420808440.0	1	010001001:1	
66	917	900	3	1420807860.0	1	010001001:1	
66	900	900	0	1420807776.0	1	010001001:1	
65	931	899	3	1420807912.0	1	010001001:1	
65	928	899	3	1420807897.0	1	010001001:1	
65	915	899	0	1420807851.0	1	010001001:1	
65	921	899	3	1420807886.0	1	010001001:1	
65	911	899	3	1420807832.0	1	010001001:1	
65	937	899	2	1420807948.0	1	010001001:1	
65	927	899	3	1420807895.0	1	010001001:1	
65	914	899	3	1420807845.0	1	010001001:1	
65	901	899	3	1420807784.0	1	010001001:1	
65	903	899	3	1420807797.0	1	010001001:1	
65	918	899	2	1420807871.0	1	010001001:1	
65	909	899	3	1420807816.0	1	010001001:1	
65	902	899	3	1420807792.0	1	010001001:1	
65	930	899	3	1420807906.0	1	010001001:1	
65	912	899	2	1420807836.0	1	010001001:1	
65	907	899	0	1420807810.0	1	010001001:1	
65	904	899	3	1420807800.0	1	010001001:1	
65	906	899	3	1420807808.0	1	010001001:1	
65	908	899	3	1420807810.0	1	010001001:1	
65	899	899	0	1420807767.0	1	010001001:1	
61	838	836	0	1420802844.0	1	010001001:1	
61	839	836	2	1420802881.0	1	010001001:1	
61	842	836	3	1420803049.0	1	010001001:1	
61	843	839	0	1420803208.0	1	010001001:1	
61	848	836	3	1420803784.0	1	010001001:1	
61	837	836	0	1420802821.0	1	010001001:1	
61	844	836	0	1420803265.0	1	010001001:1	
61	841	836	3	1420803031.0	1	010001001:1	
61	846	843	3	1420803292.0	1	010001001:1	
61	840	836	3	1420802885.0	1	010001001:1	
61	847	836	3	1420803423.0	1	010001001:1	
61	836	836	0	1420802800.0	1	010001001:1	
44	631	586	3	1420788897.0	1	010001001:1	
44	595	586	1	1420787943.0	1	010001001:1	
44	606	586	0	1420788215.0	1	010001001:1	
44	612	586	3	1420788502.0	1	010001001:1	
44	630	586	0	1420788896.0	1	010001001:1	
44	597	586	3	1420787966.0	1	010001001:1	
44	604	595	3	1420788160.0	1	010001001:1	
44	611	586	3	1420788456.0	1	010001001:1	
44	602	586	3	1420788061.0	1	010001001:1	
44	609	586	3	1420788338.0	1	010001001:1	
44	598	586	3	1420787969.0	1	010001001:1	
44	591	586	3	1420787871.0	1	010001001:1	
44	607	586	3	1420788217.0	1	010001001:1	
44	603	586	3	1420788085.0	1	010001001:1	
44	613	586	3	1420788556.0	1	010001001:1	
44	586	586	0	1420787817.0	1	010001001:1	
21	380	372	0	1420665160.0	1	010001001:1	
21	377	372	3	1420663793.0	1	010001001:1	
21	475	372	0	1420715378.0	1	010001001:1	
21	372	372	0	1420662627.0	1	010001001:1	
32	501	495	3	1420718924.0	1	010001001:1	
32	515	502	3	1420723193.0	1	010001001:1	
32	500	495	3	1420718923.0	1	010001001:1	
32	496	495	3	1420718650.0	1	010001001:1	
32	502	495	3	1420718988.0	1	010001001:1	
32	504	502	3	1420719809.0	1	010001001:1	
32	499	495	2	1420718770.0	1	010001001:1	
32	495	495	0	1420718623.0	1	010001001:1	
63	868	860	0	1420805600.0	1	010001001:1	
63	862	860	0	1420805311.0	1	010001001:1	
63	865	860	3	1420805448.0	1	010001001:1	
63	869	860	1	1420805610.0	1	010001001:1	
63	867	860	1	1420805588.0	1	010001001:1	
63	866	860	3	1420805461.0	1	010001001:1	
63	873	860	3	1420805706.0	1	010001001:1	
63	871	865	3	1420805652.0	1	010001001:1	
63	864	860	0	1420805375.0	1	010001001:1	
63	861	860	3	1420805225.0	1	010001001:1	
63	870	860	3	1420805619.0	1	010001001:1	
63	875	860	0	1420805918.0	1	010001001:1	
63	860	860	0	1420805180.0	1	010001001:1	
50	688	684	3	1420794790.0	1	010001001:1	
50	690	684	3	1420795019.0	1	010001001:1	
50	686	684	3	1420794654.0	1	010001001:1	
50	712	684	3	1420796330.0	1	010001001:1	
50	699	684	3	1420795565.0	1	010001001:1	
50	685	684	3	1420794592.0	1	010001001:1	
50	692	684	2	1420795447.0	1	010001001:1	
50	1066	684	0	1420965228.0	1	010001001:1	
50	734	684	3	1420797095.0	1	010001001:1	
50	689	684	2	1420794911.0	1	010001001:1	
50	693	692	2	1420795473.0	1	010001001:1	
50	687	684	3	1420794690.0	1	010001001:1	
50	684	684	0	1420794547.0	1	010001001:1	
47	645	633	3	1420789334.0	1	010001001:1	
47	651	633	3	1420790356.0	1	010001001:1	
47	681	633	0	1420792899.0	1	010001001:1	
47	643	633	3	1420789290.0	1	010001001:1	
47	791	633	3	1420799410.0	1	010001001:1	
47	647	633	0	1420789836.0	1	010001001:1	
47	730	727	3	1420796990.0	1	010001001:1	
47	724	704	3	1420796718.0	1	010001001:1	
47	706	676	3	1420796176.0	1	010001001:1	
47	815	706	3	1420800248.0	1	010001001:1	
47	676	633	3	1420792195.0	1	010001001:1	
47	704	633	3	1420796125.0	1	010001001:1	
47	659	633	3	1420791514.0	1	010001001:1	
47	725	724	3	1420796776.0	1	010001001:1	
47	727	725	0	1420796907.0	1	010001001:1	
47	735	733	3	1420797121.0	1	010001001:1	
47	852	815	1	1420804683.0	1	010001001:1	
47	733	730	3	1420797090.0	1	010001001:1	
47	633	633	0	1420788989.0	1	010001001:1	
73	999	995	3	1420808734.0	1	010001001:1	
73	1041	995	3	1420809974.0	1	010001001:1	
73	1049	995	3	1420811751.0	1	010001001:1	
73	1053	1052	1	1420814604.0	1	010001001:1	
73	1010	995	3	1420808809.0	1	010001001:1	
73	1000	995	3	1420808738.0	1	010001001:1	
73	1051	1050	3	1420814543.0	1	010001001:1	
73	1023	995	3	1420808938.0	1	010001001:1	
73	1036	995	3	1420809483.0	1	010001001:1	
73	1050	995	3	1420814518.0	1	010001001:1	
73	1011	995	3	1420808816.0	1	010001001:1	
73	1012	995	0	1420808817.0	1	010001001:1	
73	1052	1051	3	1420814583.0	1	010001001:1	
73	1054	1053	3	1420814655.0	1	010001001:1	
73	1013	995	3	1420808827.0	1	010001001:1	
73	1028	995	2	1420809048.0	1	010001001:1	
73	1017	995	2	1420808887.0	1	010001001:1	
73	1024	995	2	1420808957.0	1	010001001:1	
73	1034	995	3	1420809279.0	1	010001001:1	
73	1019	995	3	1420808893.0	1	010001001:1	
73	995	995	0	1420808715.0	1	010001001:1	
67	970	925	3	1420808214.0	1	010001001:1	
67	943	925	3	1420807990.0	1	010001001:1	
67	948	925	3	1420808011.0	1	010001001:1	
67	1056	925	1	1420822264.0	1	010001001:1	
67	925	905	1	1420807893.0	1	010001001:1	
67	968	925	3	1420808194.0	1	010001001:1	
67	973	925	3	1420808270.0	1	010001001:1	
67	929	905	0	1420807901.0	1	010001001:1	
67	924	905	3	1420807890.0	1	010001001:1	
67	913	905	0	1420807838.0	1	010001001:1	
67	942	924	2	1420807977.0	1	010001001:1	
67	926	905	0	1420807895.0	1	010001001:1	
67	936	905	3	1420807945.0	1	010001001:1	
67	933	905	0	1420807940.0	1	010001001:1	
67	935	905	3	1420807941.0	1	010001001:1	
67	905	905	0	1420807803.0	1	010001001:1	
48	652	648	3	1420790376.0	1	010001001:1	
48	650	648	1	1420790310.0	1	010001001:1	
48	1062	648	3	1420863502.0	1	010001001:1	
48	656	648	3	1420790966.0	1	010001001:1	
48	655	648	1	1420790591.0	1	010001001:1	
48	648	648	0	1420790094.0	1	010001001:1	
55	818	740	0	1420800727.0	1	010001001:1	
55	812	740	3	1420800194.0	1	010001001:1	
55	742	740	0	1420797684.0	1	010001001:1	
55	750	740	0	1420797917.0	1	010001001:1	
55	777	740	1	1420799102.0	1	010001001:1	
55	763	740	0	1420798812.0	1	010001001:1	
55	745	740	3	1420797726.0	1	010001001:1	
55	752	740	0	1420798072.0	1	010001001:1	
55	829	740	3	1420801458.0	1	010001001:1	
55	780	740	3	1420799147.0	1	010001001:1	
55	751	740	0	1420798022.0	1	010001001:1	
55	744	740	0	1420797723.0	1	010001001:1	
55	747	740	0	1420797810.0	1	010001001:1	
55	1068	740	3	1420979047.0	1	010001001:1	
55	740	740	0	1420797608.0	1	010001001:1	
60	850	819	2	1420804187.0	1	010001001:1	
60	827	825	3	1420801260.0	1	010001001:1	
60	823	820	3	1420801217.0	1	010001001:1	
60	825	822	3	1420801240.0	1	010001001:1	
60	830	819	3	1420801517.0	1	010001001:1	
60	820	819	2	1420801150.0	1	010001001:1	
60	851	850	3	1420804237.0	1	010001001:1	
60	834	823	3	1420802222.0	1	010001001:1	
60	1061	819	3	1420852882.0	1	010001001:1	
60	824	819	3	1420801218.0	1	010001001:1	
60	832	819	3	1420801877.0	1	010001001:1	
60	849	819	3	1420803871.0	1	010001001:1	
60	822	819	2	1420801209.0	1	010001001:1	
60	819	819	0	1420801120.0	1	010001001:1	
70	976	955	0	1420808307.0	1	010001001:1	
70	963	955	3	1420808124.0	1	010001001:1	
70	965	955	3	1420808151.0	1	010001001:1	
70	994	955	3	1420808665.0	1	010001001:1	
70	1032	955	0	1420809234.0	1	010001001:1	
70	988	955	3	1420808505.0	1	010001001:1	
70	1025	955	3	1420808968.0	1	010001001:1	
70	974	955	2	1420808286.0	1	010001001:1	
70	967	955	3	1420808175.0	1	010001001:1	
70	971	955	3	1420808246.0	1	010001001:1	
70	955	955	0	1420808081.0	1	010001001:1	
36	535	530	2	1420780753.0	1	010001001:1	
36	532	530	3	1420780208.0	1	010001001:1	
36	533	530	3	1420780261.0	1	010001001:1	
36	536	530	2	1420780897.0	1	010001001:1	
36	534	530	3	1420780465.0	1	010001001:1	
36	530	530	0	1420780023.0	1	010001001:1	
38	542	539	3	1420781832.0	1	010001001:1	
38	547	539	3	1420782482.0	1	010001001:1	
38	540	539	3	1420781538.0	1	010001001:1	
38	546	539	3	1420782260.0	1	010001001:1	
38	539	539	0	1420781453.0	1	010001001:1	
41	561	555	1	1420784057.0	1	010001001:1	
41	737	555	3	1420797404.0	1	010001001:1	
41	560	555	3	1420783994.0	1	010001001:1	
41	556	555	3	1420783862.0	1	010001001:1	
41	557	555	3	1420783914.0	1	010001001:1	
41	559	555	3	1420783971.0	1	010001001:1	
41	562	555	0	1420784168.0	1	010001001:1	
41	558	555	3	1420783938.0	1	010001001:1	
41	555	555	0	1420783825.0	1	010001001:1	
6	34	28	0	1420618562.0	1	010001001:1	
6	45	28	3	1420618790.0	1	010001001:1	
6	36	28	3	1420618657.0	1	010001001:1	
6	38	28	0	1420618681.0	1	010001001:1	
6	80	36	3	1420621421.0	1	010001001:1	
6	28	28	0	1420618475.0	1	010001001:1	
39	1070	541	1	1421295213.0	1	010001001:1	
39	541	541	0	1420781546.0	1	010001001:1	
53	722	720	3	1420796568.0	1	010001001:1	
53	721	705	3	1420796538.0	1	010001001:1	
53	709	705	3	1420796235.0	1	010001001:1	
53	726	720	3	1420796833.0	1	010001001:1	
53	717	705	3	1420796426.0	1	010001001:1	
53	719	705	3	1420796530.0	1	010001001:1	
53	707	705	3	1420796184.0	1	010001001:1	
53	714	705	3	1420796353.0	1	010001001:1	
53	718	705	0	1420796477.0	1	010001001:1	
53	710	705	3	1420796260.0	1	010001001:1	
53	731	705	3	1420796993.0	1	010001001:1	
53	708	705	3	1420796188.0	1	010001001:1	
53	723	705	3	1420796607.0	1	010001001:1	
53	720	705	3	1420796530.0	1	010001001:1	
53	729	705	3	1420796980.0	1	010001001:1	
53	716	705	3	1420796390.0	1	010001001:1	
53	728	705	3	1420796951.0	1	010001001:1	
53	711	705	3	1420796314.0	1	010001001:1	
53	713	705	3	1420796335.0	1	010001001:1	
53	705	705	0	1420796132.0	1	010001001:1	
35	528	526	3	1420779559.0	1	010001001:1	
35	548	526	3	1420782528.0	1	010001001:1	
35	526	526	0	1420779264.0	1	010001001:1	
27	430	409	2	1420708619.0	1	010001001:1	
27	517	409	3	1420728855.0	1	010001001:1	
27	415	409	3	1420706405.0	1	010001001:1	
27	411	409	3	1420704757.0	1	010001001:1	
27	466	409	2	1420714661.0	1	010001001:1	
27	432	409	3	1420708651.0	1	010001001:1	
27	511	409	3	1420721812.0	1	010001001:1	
27	506	409	0	1420720326.0	1	010001001:1	
27	431	409	3	1420708649.0	1	010001001:1	
27	434	409	0	1420709406.0	1	010001001:1	
27	493	409	3	1420718383.0	1	010001001:1	
27	463	409	3	1420714466.0	1	010001001:1	
27	427	409	3	1420708518.0	1	010001001:1	
27	433	409	3	1420708771.0	1	010001001:1	
27	437	409	3	1420710618.0	1	010001001:1	
27	436	409	3	1420710462.0	1	010001001:1	
27	429	409	3	1420708613.0	1	010001001:1	
27	410	409	3	1420704564.0	1	010001001:1	
27	409	409	0	1420704182.0	1	010001001:1	
15	291	219	3	1420627787.0	1	010001001:1	
15	290	219	3	1420627341.0	1	010001001:1	
15	245	219	3	1420624442.0	1	010001001:1	
15	244	219	1	1420624420.0	1	010001001:1	
15	219	219	0	1420623984.0	1	010001001:1	
25	399	395	3	1420673550.0	1	010001001:1	
25	394	393	0	1420670190.0	1	010001001:1	
25	385	384	3	1420667032.0	1	010001001:1	
25	391	390	3	1420669859.0	1	010001001:1	
25	388	384	3	1420668914.0	1	010001001:1	
25	395	394	3	1420670327.0	1	010001001:1	
25	392	391	3	1420669943.0	1	010001001:1	
25	389	384	3	1420669143.0	1	010001001:1	
25	400	384	3	1420678024.0	1	010001001:1	
25	390	389	3	1420669799.0	1	010001001:1	
25	387	384	3	1420667287.0	1	010001001:1	
25	396	395	3	1420670424.0	1	010001001:1	
25	398	389	1	1420673435.0	1	010001001:1	
25	397	396	3	1420670530.0	1	010001001:1	
25	393	392	3	1420670115.0	1	010001001:1	
25	384	384	0	1420666975.0	1	010001001:1	
17	332	321	3	1420630316.0	1	010001001:1	
17	315	292	0	1420629079.0	1	010001001:1	
17	326	292	3	1420629739.0	1	010001001:1	
17	357	292	3	1420632618.0	1	010001001:1	
17	322	292	3	1420629661.0	1	010001001:1	
17	321	292	3	1420629517.0	1	010001001:1	
17	320	292	3	1420629478.0	1	010001001:1	
17	319	292	3	1420629411.0	1	010001001:1	
17	316	315	3	1420629178.0	1	010001001:1	
17	292	292	0	1420627989.0	1	010001001:1	
20	349	343	0	1420632171.0	1	010001001:1	
20	353	343	2	1420632388.0	1	010001001:1	
20	345	343	2	1420631784.0	1	010001001:1	
20	364	343	3	1420638046.0	1	010001001:1	
20	350	343	0	1420632216.0	1	010001001:1	
20	346	343	3	1420631824.0	1	010001001:1	
20	351	343	1	1420632324.0	1	010001001:1	
20	362	343	0	1420634190.0	1	010001001:1	
20	358	350	3	1420632707.0	1	010001001:1	
20	348	343	3	1420632079.0	1	010001001:1	
20	359	343	3	1420632955.0	1	010001001:1	
20	344	343	3	1420631781.0	1	010001001:1	
20	361	343	0	1420633854.0	1	010001001:1	
20	356	343	3	1420632567.0	1	010001001:1	
20	343	343	0	1420631757.0	1	010001001:1	
0	7	5	3	1420617624.0	1	010001001:1	
0	27	0	2	1420618463.0	1	010001001:1	
0	1	0	3	1420616678.0	1	010001001:1	
0	5	1	1	1420616881.0	1	010001001:1	
0	371	0	3	1420654462.0	1	010001001:1	
0	0	0	0	1420616271.0	1	010001001:1	
58	888	853	3	1420806446.0	1	010001001:1	
58	787	766	3	1420799351.0	1	010001001:1	
58	858	853	3	1420805069.0	1	010001001:1	
58	770	766	3	1420798979.0	1	010001001:1	
58	845	774	3	1420803270.0	1	010001001:1	
58	811	802	3	1420800193.0	1	010001001:1	
58	893	853	3	1420807197.0	1	010001001:1	
58	814	766	3	1420800205.0	1	010001001:1	
58	855	766	3	1420804915.0	1	010001001:1	
58	856	853	0	1420804932.0	1	010001001:1	
58	802	801	3	1420799631.0	1	010001001:1	
58	813	766	0	1420800195.0	1	010001001:1	
58	783	770	3	1420799217.0	1	010001001:1	
58	853	766	3	1420804700.0	1	010001001:1	
58	772	766	3	1420799061.0	1	010001001:1	
58	801	787	3	1420799613.0	1	010001001:1	
58	854	853	3	1420804806.0	1	010001001:1	
58	768	766	0	1420798966.0	1	010001001:1	
58	774	770	3	1420799094.0	1	010001001:1	
58	785	770	3	1420799258.0	1	010001001:1	
58	784	774	3	1420799254.0	1	010001001:1	
58	766	766	0	1420798904.0	1	010001001:1	
9	342	211	3	1420631742.0	1	010001001:1	
9	213	183	3	1420623816.0	1	010001001:1	
9	256	250	3	1420624685.0	1	010001001:1	
9	166	108	3	1420623024.0	1	010001001:1	
9	108	82	3	1420621909.0	1	010001001:1	
9	140	109	3	1420622613.0	1	010001001:1	
9	209	198	3	1420623704.0	1	010001001:1	
9	251	247	3	1420624569.0	1	010001001:1	
9	230	222	3	1420624153.0	1	010001001:1	
9	232	230	3	1420624204.0	1	010001001:1	
9	202	127	1	1420623647.0	1	010001001:1	
9	253	249	1	1420624615.0	1	010001001:1	
9	246	235	3	1420624452.0	1	010001001:1	
9	243	220	3	1420624417.0	1	010001001:1	
9	124	93	3	1420622139.0	1	010001001:1	
9	217	209	3	1420623929.0	1	010001001:1	
9	178	160	3	1420623139.0	1	010001001:1	
9	105	85	3	1420621847.0	1	010001001:1	
9	260	257	3	1420624810.0	1	010001001:1	
9	113	82	3	1420621994.0	1	010001001:1	
9	139	137	3	1420622591.0	1	010001001:1	
9	228	217	3	1420624119.0	1	010001001:1	
9	222	209	1	1420624047.0	1	010001001:1	
9	262	255	3	1420624881.0	1	010001001:1	
9	221	212	3	1420623997.0	1	010001001:1	
9	250	242	3	1420624534.0	1	010001001:1	
9	225	218	3	1420624071.0	1	010001001:1	
9	220	202	3	1420623994.0	1	010001001:1	
9	183	154	3	1420623191.0	1	010001001:1	
9	236	230	3	1420624303.0	1	010001001:1	
9	189	176	3	1420623318.0	1	010001001:1	
9	98	82	3	1420621713.0	1	010001001:1	
9	274	183	0	1420625587.0	1	010001001:1	
9	154	109	3	1420622893.0	1	010001001:1	
9	238	233	3	1420624339.0	1	010001001:1	
9	263	261	3	1420624888.0	1	010001001:1	
9	111	82	3	1420621952.0	1	010001001:1	
9	242	235	3	1420624393.0	1	010001001:1	
9	127	98	3	1420622181.0	1	010001001:1	
9	218	200	3	1420623955.0	1	010001001:1	
9	138	114	3	1420622514.0	1	010001001:1	
9	104	82	3	1420621820.0	1	010001001:1	
9	261	253	3	1420624813.0	1	010001001:1	
9	216	211	3	1420623866.0	1	010001001:1	
9	247	236	3	1420624453.0	1	010001001:1	
9	223	217	3	1420624067.0	1	010001001:1	
9	85	82	3	1420621557.0	1	010001001:1	
9	235	228	3	1420624253.0	1	010001001:1	
9	88	82	3	1420621592.0	1	010001001:1	
9	200	195	1	1420623626.0	1	010001001:1	
9	190	166	1	1420623342.0	1	010001001:1	
9	224	209	3	1420624071.0	1	010001001:1	
9	137	114	3	1420622491.0	1	010001001:1	
9	96	82	3	1420621707.0	1	010001001:1	
9	257	238	3	1420624698.0	1	010001001:1	
9	255	243	3	1420624628.0	1	010001001:1	
9	367	341	3	1420644078.0	1	010001001:1	
9	264	261	1	1420624916.0	1	010001001:1	
9	212	183	3	1420623773.0	1	010001001:1	
9	211	189	3	1420623726.0	1	010001001:1	
9	195	189	3	1420623490.0	1	010001001:1	
9	267	266	3	1420625095.0	1	010001001:1	
9	354	338	3	1420632411.0	1	010001001:1	
9	407	166	1	1420696815.0	1	010001001:1	
9	265	221	1	1420624925.0	1	010001001:1	
9	93	82	3	1420621671.0	1	010001001:1	
9	131	96	3	1420622224.0	1	010001001:1	
9	109	96	3	1420621926.0	1	010001001:1	
9	198	195	3	1420623587.0	1	010001001:1	
9	84	82	3	1420621524.0	1	010001001:1	
9	258	253	1	1420624745.0	1	010001001:1	
9	114	88	3	1420622032.0	1	010001001:1	
9	94	82	3	1420621700.0	1	010001001:1	
9	266	264	3	1420624984.0	1	010001001:1	
9	231	216	3	1420624162.0	1	010001001:1	
9	817	407	1	1420800568.0	1	010001001:1	
9	122	96	3	1420622119.0	1	010001001:1	
9	86	82	0	1420621559.0	1	010001001:1	
9	368	342	3	1420644144.0	1	010001001:1	
9	352	337	3	1420632331.0	1	010001001:1	
9	249	247	3	1420624528.0	1	010001001:1	
9	215	170	3	1420623853.0	1	010001001:1	
9	141	139	3	1420622651.0	1	010001001:1	
9	233	223	3	1420624208.0	1	010001001:1	
9	240	235	3	1420624363.0	1	010001001:1	
9	341	211	3	1420631625.0	1	010001001:1	
9	338	124	3	1420631025.0	1	010001001:1	
9	176	140	3	1420623129.0	1	010001001:1	
9	337	131	3	1420630860.0	1	010001001:1	
9	229	223	3	1420624141.0	1	010001001:1	
9	170	122	3	1420623087.0	1	010001001:1	
9	160	131	3	1420622961.0	1	010001001:1	
9	82	82	0	1420621473.0	1	010001001:1	
71	985	975	3	1420808464.0	1	010001001:1	
71	990	975	3	1420808510.0	1	010001001:1	
71	977	975	3	1420808320.0	1	010001001:1	
71	1043	975	0	1420810130.0	1	010001001:1	
71	1048	975	0	1420811518.0	1	010001001:1	
71	980	975	3	1420808365.0	1	010001001:1	
71	991	975	3	1420808532.0	1	010001001:1	
71	975	975	0	1420808289.0	1	010001001:1	
4	129	91	3	1420622214.0	1	010001001:1	
4	100	95	3	1420621753.0	1	010001001:1	
4	24	20	3	1420618434.0	1	010001001:1	
4	97	91	2	1420621712.0	1	010001001:1	
4	67	56	3	1420619907.0	1	010001001:1	
4	68	56	3	1420619925.0	1	010001001:1	
4	56	20	3	1420619209.0	1	010001001:1	
4	71	20	3	1420620382.0	1	010001001:1	
4	91	83	3	1420621657.0	1	010001001:1	
4	81	79	2	1420621462.0	1	010001001:1	
4	79	67	3	1420621413.0	1	010001001:1	
4	95	83	3	1420621700.0	1	010001001:1	
4	83	79	3	1420621490.0	1	010001001:1	
4	89	83	3	1420621597.0	1	010001001:1	
4	44	20	3	1420618764.0	1	010001001:1	
4	87	83	3	1420621574.0	1	010001001:1	
4	234	79	3	1420624209.0	1	010001001:1	
4	20	20	0	1420618387.0	1	010001001:1	
72	1003	993	1	1420808748.0	1	010001001:1	
72	1020	993	0	1420808903.0	1	010001001:1	
72	1007	993	0	1420808786.0	1	010001001:1	
72	998	993	0	1420808734.0	1	010001001:1	
72	1006	993	0	1420808777.0	1	010001001:1	
72	1004	993	0	1420808749.0	1	010001001:1	
72	996	993	0	1420808715.0	1	010001001:1	
72	1002	993	0	1420808746.0	1	010001001:1	
72	1008	993	0	1420808796.0	1	010001001:1	
72	1016	993	0	1420808886.0	1	010001001:1	
72	1022	993	0	1420808937.0	1	010001001:1	
72	1027	993	0	1420808997.0	1	010001001:1	
72	1018	993	0	1420808890.0	1	010001001:1	
72	1015	993	0	1420808862.0	1	010001001:1	
72	1021	993	0	1420808910.0	1	010001001:1	
72	1014	993	0	1420808840.0	1	010001001:1	
72	1026	993	3	1420808990.0	1	010001001:1	
72	1001	993	0	1420808744.0	1	010001001:1	
72	993	993	0	1420808625.0	1	010001001:1	
59	794	771	0	1420799443.0	1	010001001:1	
59	786	771	0	1420799323.0	1	010001001:1	
59	799	793	3	1420799563.0	1	010001001:1	
59	776	771	0	1420799100.0	1	010001001:1	
59	782	771	3	1420799210.0	1	010001001:1	
59	775	771	0	1420799097.0	1	010001001:1	
59	790	771	2	1420799378.0	1	010001001:1	
59	778	771	0	1420799124.0	1	010001001:1	
59	793	771	2	1420799429.0	1	010001001:1	
59	779	771	3	1420799145.0	1	010001001:1	
59	771	771	0	1420799051.0	1	010001001:1	
52	789	700	3	1420799370.0	1	010001001:1	
52	701	700	3	1420795727.0	1	010001001:1	
52	702	700	0	1420795759.0	1	010001001:1	
52	732	700	3	1420796998.0	1	010001001:1	
52	700	700	0	1420795600.0	1	010001001:1	
64	956	885	3	1420808084.0	1	010001001:1	
64	896	885	3	1420807454.0	1	010001001:1	
64	920	896	3	1420807884.0	1	010001001:1	
64	882	876	3	1420806149.0	1	010001001:1	
64	947	920	3	1420808006.0	1	010001001:1	
64	951	885	3	1420808045.0	1	010001001:1	
64	895	887	3	1420807436.0	1	010001001:1	
64	887	885	3	1420806350.0	1	010001001:1	
64	894	892	3	1420807367.0	1	010001001:1	
64	885	876	3	1420806268.0	1	010001001:1	
64	883	876	3	1420806192.0	1	010001001:1	
64	880	876	3	1420806088.0	1	010001001:1	
64	897	876	0	1420807501.0	1	010001001:1	
64	898	896	3	1420807744.0	1	010001001:1	
64	916	898	0	1420807858.0	1	010001001:1	
64	932	920	3	1420807940.0	1	010001001:1	
64	884	876	3	1420806260.0	1	010001001:1	
64	1047	956	3	1420810728.0	1	010001001:1	
64	879	876	2	1420806022.0	1	010001001:1	
64	892	879	3	1420807096.0	1	010001001:1	
64	889	876	3	1420806679.0	1	010001001:1	
64	910	896	3	1420807825.0	1	010001001:1	
64	881	876	3	1420806146.0	1	010001001:1	
64	878	876	1	1420806012.0	1	010001001:1	
64	876	876	0	1420805946.0	1	010001001:1	
56	755	743	0	1420798447.0	1	010001001:1	
56	753	743	3	1420798240.0	1	010001001:1	
56	749	743	0	1420797868.0	1	010001001:1	
56	743	743	0	1420797714.0	1	010001001:1	
7	62	59	3	1420619373.0	1	010001001:1	
7	72	37	3	1420620580.0	1	010001001:1	
7	65	37	3	1420619801.0	1	010001001:1	
7	70	37	3	1420620314.0	1	010001001:1	
7	69	65	3	1420620180.0	1	010001001:1	
7	61	59	3	1420619363.0	1	010001001:1	
7	74	72	3	1420620825.0	1	010001001:1	
7	66	37	3	1420619841.0	1	010001001:1	
7	48	37	0	1420618961.0	1	010001001:1	
7	63	59	3	1420619434.0	1	010001001:1	
7	59	37	3	1420619249.0	1	010001001:1	
7	37	37	0	1420618658.0	1	010001001:1	
10	175	164	1	1420623127.0	1	010001001:1	
10	133	92	3	1420622268.0	1	010001001:1	
10	150	144	3	1420622824.0	1	010001001:1	
10	505	149	3	1420720259.0	1	010001001:1	
10	101	92	0	1420621774.0	1	010001001:1	
10	115	103	3	1420622061.0	1	010001001:1	
10	164	149	3	1420623002.0	1	010001001:1	
10	185	174	3	1420623260.0	1	010001001:1	
10	167	118	3	1420623049.0	1	010001001:1	
10	194	175	3	1420623409.0	1	010001001:1	
10	118	92	3	1420622098.0	1	010001001:1	
10	203	185	3	1420623655.0	1	010001001:1	
10	126	118	0	1420622167.0	1	010001001:1	
10	128	92	3	1420622203.0	1	010001001:1	
10	99	92	0	1420621742.0	1	010001001:1	
10	144	92	3	1420622705.0	1	010001001:1	
10	136	125	0	1420622330.0	1	010001001:1	
10	512	510	3	1420721856.0	1	010001001:1	
10	103	92	0	1420621778.0	1	010001001:1	
10	287	103	3	1420626792.0	1	010001001:1	
10	123	115	3	1420622139.0	1	010001001:1	
10	116	92	3	1420622083.0	1	010001001:1	
10	121	110	3	1420622109.0	1	010001001:1	
10	110	92	3	1420621927.0	1	010001001:1	
10	112	92	3	1420621986.0	1	010001001:1	
10	120	92	3	1420622105.0	1	010001001:1	
10	237	103	3	1420624319.0	1	010001001:1	
10	510	509	1	1420721713.0	1	010001001:1	
10	125	92	3	1420622164.0	1	010001001:1	
10	201	197	3	1420623635.0	1	010001001:1	
10	205	194	3	1420623666.0	1	010001001:1	
10	169	149	3	1420623078.0	1	010001001:1	
10	174	164	3	1420623123.0	1	010001001:1	
10	149	125	3	1420622813.0	1	010001001:1	
10	132	123	3	1420622224.0	1	010001001:1	
10	197	185	3	1420623566.0	1	010001001:1	
10	508	505	3	1420720768.0	1	010001001:1	
10	509	508	3	1420721286.0	1	010001001:1	
10	92	92	0	1420621669.0	1	010001001:1	
5	33	25	0	1420618530.0	1	010001001:1	
5	51	40	2	1420619002.0	1	010001001:1	
5	41	25	3	1420618711.0	1	010001001:1	
5	40	25	3	1420618710.0	1	010001001:1	
5	39	25	0	1420618683.0	1	010001001:1	
5	301	135	3	1420628391.0	1	010001001:1	
5	135	25	0	1420622292.0	1	010001001:1	
5	25	25	0	1420618449.0	1	010001001:1	
23	383	376	0	1420666041.0	1	010001001:1	
23	382	376	3	1420665654.0	1	010001001:1	
23	386	376	3	1420667135.0	1	010001001:1	
23	378	376	3	1420663966.0	1	010001001:1	
23	376	376	0	1420663703.0	1	010001001:1	
3	15	11	3	1420618265.0	1	010001001:1	
3	12	11	3	1420618180.0	1	010001001:1	
3	57	11	3	1420619230.0	1	010001001:1	
3	46	11	3	1420618824.0	1	010001001:1	
3	19	11	3	1420618341.0	1	010001001:1	
3	64	11	0	1420619637.0	1	010001001:1	
3	283	271	3	1420626246.0	1	010001001:1	
3	281	12	3	1420626065.0	1	010001001:1	
3	60	11	3	1420619284.0	1	010001001:1	
3	26	11	3	1420618454.0	1	010001001:1	
3	53	11	3	1420619171.0	1	010001001:1	
3	148	11	3	1420622760.0	1	010001001:1	
3	271	11	3	1420625502.0	1	010001001:1	
3	134	11	3	1420622270.0	1	010001001:1	
3	284	252	3	1420626381.0	1	010001001:1	
3	55	11	3	1420619187.0	1	010001001:1	
3	252	11	1	1420624602.0	1	010001001:1	
3	32	11	3	1420618507.0	1	010001001:1	
3	49	11	3	1420618977.0	1	010001001:1	
3	54	11	3	1420619184.0	1	010001001:1	
3	11	11	0	1420618157.0	1	010001001:1	
46	638	615	3	1420789070.0	1	010001001:1	
46	640	615	3	1420789117.0	1	010001001:1	
46	626	615	3	1420788873.0	1	010001001:1	
46	618	615	0	1420788758.0	1	010001001:1	
46	636	615	3	1420789023.0	1	010001001:1	
46	624	615	3	1420788845.0	1	010001001:1	
46	620	615	2	1420788780.0	1	010001001:1	
46	619	615	3	1420788776.0	1	010001001:1	
46	623	615	3	1420788816.0	1	010001001:1	
46	628	615	3	1420788889.0	1	010001001:1	
46	649	636	0	1420790101.0	1	010001001:1	
46	637	615	3	1420789063.0	1	010001001:1	
46	644	615	0	1420789298.0	1	010001001:1	
46	632	615	3	1420788950.0	1	010001001:1	
46	679	624	3	1420792348.0	1	010001001:1	
46	622	615	3	1420788809.0	1	010001001:1	
46	621	615	3	1420788794.0	1	010001001:1	
46	634	626	3	1420788992.0	1	010001001:1	
46	683	636	0	1420793404.0	1	010001001:1	
46	625	615	2	1420788855.0	1	010001001:1	
46	629	615	3	1420788894.0	1	010001001:1	
46	639	615	3	1420789102.0	1	010001001:1	
46	615	615	0	1420788633.0	1	010001001:1	
68	1046	964	0	1420810581.0	1	010001001:1	
68	958	919	3	1420808089.0	1	010001001:1	
68	934	919	1	1420807940.0	1	010001001:1	
68	979	919	3	1420808330.0	1	010001001:1	
68	983	919	0	1420808438.0	1	010001001:1	
68	959	919	0	1420808094.0	1	010001001:1	
68	969	919	0	1420808208.0	1	010001001:1	
68	964	919	3	1420808137.0	1	010001001:1	
68	961	919	0	1420808098.0	1	010001001:1	
68	923	919	1	1420807889.0	1	010001001:1	
68	981	919	3	1420808396.0	1	010001001:1	
68	941	919	3	1420807964.0	1	010001001:1	
68	946	934	0	1420808006.0	1	010001001:1	
68	945	919	3	1420808005.0	1	010001001:1	
68	966	919	3	1420808162.0	1	010001001:1	
68	944	919	0	1420807998.0	1	010001001:1	
68	1029	923	3	1420809058.0	1	010001001:1	
68	962	919	3	1420808099.0	1	010001001:1	
68	940	919	0	1420807962.0	1	010001001:1	
68	919	919	0	1420807872.0	1	010001001:1	
28	435	412	3	1420709656.0	1	010001001:1	
28	424	412	3	1420707846.0	1	010001001:1	
28	438	412	3	1420710681.0	1	010001001:1	
28	425	412	0	1420708258.0	1	010001001:1	
28	440	412	3	1420711717.0	1	010001001:1	
28	413	412	0	1420706221.0	1	010001001:1	
28	414	412	1	1420706300.0	1	010001001:1	
28	516	412	3	1420724548.0	1	010001001:1	
28	439	412	3	1420711492.0	1	010001001:1	
28	513	412	3	1420722044.0	1	010001001:1	
28	426	412	3	1420708442.0	1	010001001:1	
28	412	412	0	1420706151.0	1	010001001:1	
24	381	379	1	1420665356.0	1	010001001:1	
24	401	379	3	1420689739.0	1	010001001:1	
24	379	379	1	1420664153.0	1	010001001:1	
22	375	373	0	1420662968.0	1	010001001:1	
22	374	373	3	1420662897.0	1	010001001:1	
22	373	373	0	1420662647.0	1	010001001:1	
45	1055	608	3	1420815850.0	1	010001001:1	
45	646	608	0	1420789736.0	1	010001001:1	
45	614	608	3	1420788621.0	1	010001001:1	
45	627	608	3	1420788886.0	1	010001001:1	
45	1057	608	3	1420832326.0	1	010001001:1	
45	1063	608	3	1420864379.0	1	010001001:1	
45	1058	608	3	1420833082.0	1	010001001:1	
45	653	608	3	1420790381.0	1	010001001:1	
45	617	608	3	1420788716.0	1	010001001:1	
45	657	608	3	1420791018.0	1	010001001:1	
45	641	608	3	1420789189.0	1	010001001:1	
45	1059	1058	2	1420835500.0	1	010001001:1	
45	610	608	3	1420788340.0	1	010001001:1	
45	642	608	3	1420789284.0	1	010001001:1	
45	608	608	0	1420788308.0	1	010001001:1	
16	323	286	3	1420629686.0	1	010001001:1	
16	360	289	3	1420633843.0	1	010001001:1	
16	288	268	3	1420626817.0	1	010001001:1	
16	312	268	3	1420628940.0	1	010001001:1	
16	328	278	3	1420629769.0	1	010001001:1	
16	279	268	3	1420625904.0	1	010001001:1	
16	325	268	3	1420629724.0	1	010001001:1	
16	272	268	3	1420625545.0	1	010001001:1	
16	286	268	0	1420626684.0	1	010001001:1	
16	289	268	3	1420627311.0	1	010001001:1	
16	273	268	3	1420625572.0	1	010001001:1	
16	277	268	3	1420625819.0	1	010001001:1	
16	300	288	3	1420628316.0	1	010001001:1	
16	324	268	3	1420629722.0	1	010001001:1	
16	278	268	3	1420625889.0	1	010001001:1	
16	268	268	0	1420625188.0	1	010001001:1	
62	890	857	1	1420806737.0	1	010001001:1	
62	859	857	0	1420805130.0	1	010001001:1	
62	886	857	0	1420806331.0	1	010001001:1	
62	874	857	3	1420805739.0	1	010001001:1	
62	891	857	3	1420806938.0	1	010001001:1	
62	863	857	3	1420805316.0	1	010001001:1	
62	877	874	3	1420805981.0	1	010001001:1	
62	872	857	3	1420805684.0	1	010001001:1	
62	857	857	3	1420804995.0	1	010001001:1	
11	117	102	0	1420622083.0	1	010001001:1	
11	171	102	1	1420623102.0	1	010001001:1	
11	276	102	1	1420625753.0	1	010001001:1	
11	259	102	1	1420624805.0	1	010001001:1	
11	369	102	0	1420645320.0	1	010001001:1	
11	146	102	1	1420622739.0	1	010001001:1	
11	107	102	0	1420621908.0	1	010001001:1	
11	282	102	1	1420626195.0	1	010001001:1	
11	168	102	3	1420623052.0	1	010001001:1	
11	147	146	3	1420622740.0	1	010001001:1	
11	119	102	0	1420622105.0	1	010001001:1	
11	106	102	0	1420621905.0	1	010001001:1	
11	102	102	0	1420621776.0	1	010001001:1	
