41	987	785	3	1408130357.0	1	010001001:1	
41	986	785	3	1408130278.0	1	010001001:1	
41	814	785	0	1408119843.0	1	010001001:1	
41	807	785	1	1408119677.0	1	010001001:1	
41	828	785	2	1408120200.0	1	010001001:1	
41	836	785	3	1408120397.0	1	010001001:1	
41	965	828	3	1408126297.0	1	010001001:1	
41	785	785	0	1408118940.0	1	010001001:1	
45	1015	968	0	1408143484.0	1	010001001:1	
45	971	968	3	1408126950.0	1	010001001:1	
45	974	968	0	1408127067.0	1	010001001:1	
45	1050	968	3	1408194729.0	1	010001001:1	
45	970	968	0	1408126849.0	1	010001001:1	
45	1053	1052	1	1408196013.0	1	010001001:1	
45	1047	1027	1	1408189397.0	1	010001001:1	
45	995	968	3	1408133657.0	1	010001001:1	
45	1039	968	3	1408179798.0	1	010001001:1	
45	1052	1051	3	1408195776.0	1	010001001:1	
45	1023	968	3	1408147449.0	1	010001001:1	
45	984	968	3	1408128539.0	1	010001001:1	
45	1027	984	3	1408158713.0	1	010001001:1	
45	1051	968	0	1408195586.0	1	010001001:1	
45	978	968	1	1408127308.0	1	010001001:1	
45	968	968	0	1408126726.0	1	010001001:1	
30	624	604	3	1408110002.0	1	010001001:1	
30	630	628	1	1408110323.0	1	010001001:1	
30	607	604	3	1408108480.0	1	010001001:1	
30	635	630	3	1408110417.0	1	010001001:1	
30	612	610	0	1408108791.0	1	010001001:1	
30	627	624	3	1408110236.0	1	010001001:1	
30	610	604	1	1408108734.0	1	010001001:1	
30	628	604	1	1408110259.0	1	010001001:1	
30	604	604	3	1408107441.0	1	010001001:1	
18	283	277	0	1408097123.0	1	010001001:1	
18	272	271	3	1408096839.0	1	010001001:1	
18	361	271	0	1408099124.0	1	010001001:1	
18	285	271	1	1408097129.0	1	010001001:1	
18	299	297	3	1408097366.0	1	010001001:1	
18	275	271	3	1408096887.0	1	010001001:1	
18	322	271	3	1408098301.0	1	010001001:1	
18	290	271	0	1408097189.0	1	010001001:1	
18	302	299	3	1408097407.0	1	010001001:1	
18	274	271	0	1408096861.0	1	010001001:1	
18	297	285	3	1408097342.0	1	010001001:1	
18	277	271	0	1408096967.0	1	010001001:1	
18	279	271	0	1408097062.0	1	010001001:1	
18	271	271	3	1408096812.0	1	010001001:1	
24	918	861	0	1408123388.0	1	010001001:1	
24	777	760	0	1408118549.0	1	010001001:1	
24	941	940	3	1408124683.0	1	010001001:1	
24	940	932	1	1408124591.0	1	010001001:1	
24	760	525	3	1408118303.0	1	010001001:1	
24	823	811	3	1408120077.0	1	010001001:1	
24	811	809	3	1408119788.0	1	010001001:1	
24	534	506	3	1408104389.0	1	010001001:1	
24	531	504	3	1408104370.0	1	010001001:1	
24	956	947	2	1408125236.0	1	010001001:1	
24	479	474	3	1408102333.0	1	010001001:1	
24	551	547	2	1408104732.0	1	010001001:1	
24	502	449	3	1408103175.0	1	010001001:1	
24	951	949	3	1408125024.0	1	010001001:1	
24	926	918	3	1408123581.0	1	010001001:1	
24	541	538	0	1408104501.0	1	010001001:1	
24	826	818	3	1408120128.0	1	010001001:1	
24	544	534	3	1408104566.0	1	010001001:1	
24	942	940	3	1408124756.0	1	010001001:1	
24	548	547	2	1408104650.0	1	010001001:1	
24	818	812	3	1408119903.0	1	010001001:1	
24	477	474	3	1408102250.0	1	010001001:1	
24	947	941	1	1408124849.0	1	010001001:1	
24	928	921	2	1408123643.0	1	010001001:1	
24	546	534	3	1408104600.0	1	010001001:1	
24	504	502	3	1408103207.0	1	010001001:1	
24	946	944	2	1408124830.0	1	010001001:1	
24	540	524	3	1408104477.0	1	010001001:1	
24	949	942	0	1408124903.0	1	010001001:1	
24	800	787	3	1408119465.0	1	010001001:1	
24	507	505	3	1408103544.0	1	010001001:1	
24	932	915	1	1408123992.0	1	010001001:1	
24	773	760	3	1408118495.0	1	010001001:1	
24	525	524	2	1408104122.0	1	010001001:1	
24	931	926	1	1408123828.0	1	010001001:1	
24	945	940	3	1408124818.0	1	010001001:1	
24	802	787	1	1408119525.0	1	010001001:1	
24	542	526	0	1408104508.0	1	010001001:1	
24	484	479	3	1408102423.0	1	010001001:1	
24	782	777	3	1408118842.0	1	010001001:1	
24	539	524	0	1408104453.0	1	010001001:1	
24	837	826	2	1408120406.0	1	010001001:1	
24	921	915	1	1408123455.0	1	010001001:1	
24	952	945	3	1408125074.0	1	010001001:1	
24	547	539	1	1408104609.0	1	010001001:1	
24	769	760	3	1408118462.0	1	010001001:1	
24	825	822	0	1408120100.0	1	010001001:1	
24	538	531	3	1408104446.0	1	010001001:1	
24	817	812	3	1408119891.0	1	010001001:1	
24	474	469	3	1408102184.0	1	010001001:1	
24	788	773	3	1408119088.0	1	010001001:1	
24	505	486	3	1408103211.0	1	010001001:1	
24	914	837	2	1408123288.0	1	010001001:1	
24	469	449	0	1408102035.0	1	010001001:1	
24	560	556	3	1408105003.0	1	010001001:1	
24	804	782	0	1408119635.0	1	010001001:1	
24	545	538	3	1408104590.0	1	010001001:1	
24	925	918	3	1408123575.0	1	010001001:1	
24	948	946	3	1408124864.0	1	010001001:1	
24	944	940	3	1408124781.0	1	010001001:1	
24	556	550	3	1408104945.0	1	010001001:1	
24	861	823	3	1408121675.0	1	010001001:1	
24	844	826	2	1408121014.0	1	010001001:1	
24	565	560	0	1408105150.0	1	010001001:1	
24	822	449	3	1408120068.0	1	010001001:1	
24	859	823	3	1408121653.0	1	010001001:1	
24	550	545	3	1408104693.0	1	010001001:1	
24	915	844	3	1408123333.0	1	010001001:1	
24	486	479	2	1408102485.0	1	010001001:1	
24	935	932	3	1408124123.0	1	010001001:1	
24	809	800	2	1408119741.0	1	010001001:1	
24	787	773	1	1408119066.0	1	010001001:1	
24	976	972	1	1408127145.0	1	010001001:1	
24	506	505	3	1408103340.0	1	010001001:1	
24	972	956	0	1408127020.0	1	010001001:1	
24	812	804	2	1408119824.0	1	010001001:1	
24	500	474	3	1408102908.0	1	010001001:1	
24	813	811	3	1408119830.0	1	010001001:1	
24	954	952	3	1408125167.0	1	010001001:1	
24	464	449	3	1408101739.0	1	010001001:1	
24	973	954	3	1408127064.0	1	010001001:1	
24	524	507	3	1408104070.0	1	010001001:1	
24	526	525	3	1408104147.0	1	010001001:1	
24	499	474	3	1408102860.0	1	010001001:1	
24	501	477	2	1408103140.0	1	010001001:1	
24	821	802	3	1408120018.0	1	010001001:1	
24	449	449	0	1408101259.0	1	010001001:1	
19	384	295	3	1408099515.0	1	010001001:1	
19	426	421	3	1408100565.0	1	010001001:1	
19	419	327	3	1408100462.0	1	010001001:1	
19	318	295	3	1408097981.0	1	010001001:1	
19	310	295	3	1408097651.0	1	010001001:1	
19	319	295	3	1408098007.0	1	010001001:1	
19	364	353	3	1408099190.0	1	010001001:1	
19	349	295	2	1408099018.0	1	010001001:1	
19	417	318	3	1408100404.0	1	010001001:1	
19	442	347	3	1408101094.0	1	010001001:1	
19	347	310	0	1408098975.0	1	010001001:1	
19	446	442	3	1408101198.0	1	010001001:1	
19	357	351	3	1408099091.0	1	010001001:1	
19	327	295	3	1408098391.0	1	010001001:1	
19	366	364	3	1408099225.0	1	010001001:1	
19	355	295	3	1408099084.0	1	010001001:1	
19	447	442	2	1408101241.0	1	010001001:1	
19	308	295	1	1408097587.0	1	010001001:1	
19	359	295	0	1408099106.0	1	010001001:1	
19	348	295	3	1408099010.0	1	010001001:1	
19	369	366	0	1408099255.0	1	010001001:1	
19	437	348	3	1408100856.0	1	010001001:1	
19	351	349	3	1408099045.0	1	010001001:1	
19	363	295	3	1408099140.0	1	010001001:1	
19	439	295	3	1408100911.0	1	010001001:1	
19	414	295	3	1408100379.0	1	010001001:1	
19	445	419	3	1408101164.0	1	010001001:1	
19	444	442	3	1408101164.0	1	010001001:1	
19	463	295	2	1408101676.0	1	010001001:1	
19	373	347	3	1408099303.0	1	010001001:1	
19	435	426	0	1408100742.0	1	010001001:1	
19	421	417	0	1408100515.0	1	010001001:1	
19	353	295	3	1408099065.0	1	010001001:1	
19	352	349	3	1408099061.0	1	010001001:1	
19	451	445	2	1408101294.0	1	010001001:1	
19	389	384	3	1408099574.0	1	010001001:1	
19	295	295	0	1408097314.0	1	010001001:1	
23	543	418	3	1408104512.0	1	010001001:1	
23	440	418	3	1408100931.0	1	010001001:1	
23	606	418	3	1408108193.0	1	010001001:1	
23	591	543	0	1408106243.0	1	010001001:1	
23	595	418	3	1408106294.0	1	010001001:1	
23	420	418	3	1408100474.0	1	010001001:1	
23	434	418	3	1408100713.0	1	010001001:1	
23	454	418	2	1408101497.0	1	010001001:1	
23	453	418	0	1408101493.0	1	010001001:1	
23	441	418	0	1408101083.0	1	010001001:1	
23	433	418	3	1408100708.0	1	010001001:1	
23	583	418	3	1408106141.0	1	010001001:1	
23	462	418	3	1408101675.0	1	010001001:1	
23	1040	418	0	1408182135.0	1	010001001:1	
23	927	418	1	1408123628.0	1	010001001:1	
23	1054	418	3	1408196988.0	1	010001001:1	
23	438	418	3	1408100901.0	1	010001001:1	
23	418	418	3	1408100408.0	1	010001001:1	
31	943	620	0	1408124756.0	1	010001001:1	
31	648	620	3	1408111297.0	1	010001001:1	
31	622	620	3	1408109799.0	1	010001001:1	
31	1004	620	3	1408137881.0	1	010001001:1	
31	1020	1004	3	1408144830.0	1	010001001:1	
31	637	620	1	1408110705.0	1	010001001:1	
31	623	620	1	1408109862.0	1	010001001:1	
31	827	620	1	1408120152.0	1	010001001:1	
31	626	620	3	1408110158.0	1	010001001:1	
31	620	620	0	1408109575.0	1	010001001:1	
33	680	653	3	1408113208.0	1	010001001:1	
33	668	653	3	1408112975.0	1	010001001:1	
33	669	665	3	1408112987.0	1	010001001:1	
33	676	653	3	1408113119.0	1	010001001:1	
33	658	653	3	1408112733.0	1	010001001:1	
33	671	653	3	1408113041.0	1	010001001:1	
33	663	659	3	1408112853.0	1	010001001:1	
33	657	653	3	1408112732.0	1	010001001:1	
33	792	653	3	1408119247.0	1	010001001:1	
33	665	663	3	1408112953.0	1	010001001:1	
33	655	653	3	1408112696.0	1	010001001:1	
33	720	653	3	1408115642.0	1	010001001:1	
33	679	653	3	1408113177.0	1	010001001:1	
33	683	653	3	1408113293.0	1	010001001:1	
33	690	653	3	1408113496.0	1	010001001:1	
33	829	653	3	1408120203.0	1	010001001:1	
33	656	653	3	1408112731.0	1	010001001:1	
33	672	653	0	1408113052.0	1	010001001:1	
33	764	713	3	1408118335.0	1	010001001:1	
33	700	653	3	1408114669.0	1	010001001:1	
33	713	653	3	1408115271.0	1	010001001:1	
33	659	653	3	1408112748.0	1	010001001:1	
33	685	671	3	1408113329.0	1	010001001:1	
33	662	653	3	1408112768.0	1	010001001:1	
33	653	653	0	1408112648.0	1	010001001:1	
22	572	569	3	1408105368.0	1	010001001:1	
22	990	969	3	1408130968.0	1	010001001:1	
22	471	378	3	1408102121.0	1	010001001:1	
22	452	372	3	1408101362.0	1	010001001:1	
22	561	557	3	1408105026.0	1	010001001:1	
22	378	372	3	1408099423.0	1	010001001:1	
22	388	372	3	1408099571.0	1	010001001:1	
22	395	391	3	1408099756.0	1	010001001:1	
22	998	994	2	1408135820.0	1	010001001:1	
22	470	372	3	1408102107.0	1	010001001:1	
22	1000	372	3	1408136287.0	1	010001001:1	
22	1002	999	3	1408136538.0	1	010001001:1	
22	1016	993	3	1408144163.0	1	010001001:1	
22	563	558	3	1408105090.0	1	010001001:1	
22	557	470	3	1408104963.0	1	010001001:1	
22	481	372	3	1408102363.0	1	010001001:1	
22	569	564	3	1408105281.0	1	010001001:1	
22	993	990	3	1408132921.0	1	010001001:1	
22	570	568	3	1408105340.0	1	010001001:1	
22	574	573	0	1408105446.0	1	010001001:1	
22	394	372	3	1408099754.0	1	010001001:1	
22	555	470	3	1408104930.0	1	010001001:1	
22	406	372	3	1408100061.0	1	010001001:1	
22	906	381	3	1408122946.0	1	010001001:1	
22	397	372	1	1408099869.0	1	010001001:1	
22	840	558	1	1408120526.0	1	010001001:1	
22	969	906	3	1408126751.0	1	010001001:1	
22	391	388	3	1408099633.0	1	010001001:1	
22	552	372	3	1408104829.0	1	010001001:1	
22	575	574	1	1408105513.0	1	010001001:1	
22	558	555	1	1408104993.0	1	010001001:1	
22	564	563	3	1408105125.0	1	010001001:1	
22	568	567	3	1408105269.0	1	010001001:1	
22	994	840	3	1408133542.0	1	010001001:1	
22	381	372	3	1408099455.0	1	010001001:1	
22	996	372	3	1408134046.0	1	010001001:1	
22	567	561	0	1408105214.0	1	010001001:1	
22	1018	1016	1	1408144644.0	1	010001001:1	
22	999	998	1	1408135856.0	1	010001001:1	
22	412	372	3	1408100314.0	1	010001001:1	
22	573	570	1	1408105406.0	1	010001001:1	
22	562	557	1	1408105056.0	1	010001001:1	
22	677	372	3	1408113139.0	1	010001001:1	
22	372	372	0	1408099292.0	1	010001001:1	
11	309	162	3	1408097610.0	1	010001001:1	
11	259	162	3	1408096441.0	1	010001001:1	
11	172	164	3	1408094912.0	1	010001001:1	
11	166	162	3	1408094698.0	1	010001001:1	
11	173	162	1	1408094915.0	1	010001001:1	
11	165	162	3	1408094695.0	1	010001001:1	
11	181	162	3	1408095092.0	1	010001001:1	
11	175	162	3	1408094979.0	1	010001001:1	
11	170	162	0	1408094854.0	1	010001001:1	
11	167	162	3	1408094708.0	1	010001001:1	
11	169	162	3	1408094739.0	1	010001001:1	
11	164	162	0	1408094678.0	1	010001001:1	
11	244	162	3	1408096171.0	1	010001001:1	
11	162	162	0	1408094628.0	1	010001001:1	
34	820	699	0	1408119945.0	1	010001001:1	
34	796	699	1	1408119365.0	1	010001001:1	
34	706	699	1	1408114914.0	1	010001001:1	
34	704	701	3	1408114834.0	1	010001001:1	
34	803	699	3	1408119586.0	1	010001001:1	
34	701	699	0	1408114710.0	1	010001001:1	
34	839	699	0	1408120483.0	1	010001001:1	
34	699	699	0	1408114640.0	1	010001001:1	
20	386	323	3	1408099541.0	1	010001001:1	
20	346	323	3	1408098960.0	1	010001001:1	
20	387	323	0	1408099546.0	1	010001001:1	
20	334	323	3	1408098493.0	1	010001001:1	
20	338	323	3	1408098601.0	1	010001001:1	
20	382	377	3	1408099461.0	1	010001001:1	
20	383	323	3	1408099463.0	1	010001001:1	
20	358	341	3	1408099093.0	1	010001001:1	
20	375	358	3	1408099361.0	1	010001001:1	
20	365	323	3	1408099208.0	1	010001001:1	
20	331	323	1	1408098471.0	1	010001001:1	
20	368	323	3	1408099238.0	1	010001001:1	
20	335	323	3	1408098504.0	1	010001001:1	
20	343	323	3	1408098883.0	1	010001001:1	
20	377	358	3	1408099392.0	1	010001001:1	
20	340	323	1	1408098689.0	1	010001001:1	
20	336	323	3	1408098554.0	1	010001001:1	
20	341	323	2	1408098689.0	1	010001001:1	
20	323	323	0	1408098350.0	1	010001001:1	
35	725	702	0	1408115964.0	1	010001001:1	
35	705	702	3	1408114848.0	1	010001001:1	
35	833	702	3	1408120337.0	1	010001001:1	
35	709	702	3	1408115074.0	1	010001001:1	
35	899	702	3	1408122647.0	1	010001001:1	
35	711	702	3	1408115190.0	1	010001001:1	
35	710	702	0	1408115092.0	1	010001001:1	
35	703	702	1	1408114817.0	1	010001001:1	
35	728	702	3	1408116044.0	1	010001001:1	
35	726	702	3	1408115976.0	1	010001001:1	
35	731	702	3	1408116493.0	1	010001001:1	
35	716	702	3	1408115353.0	1	010001001:1	
35	748	702	0	1408117165.0	1	010001001:1	
35	708	702	3	1408115071.0	1	010001001:1	
35	727	702	0	1408116006.0	1	010001001:1	
35	714	702	3	1408115274.0	1	010001001:1	
35	715	702	2	1408115347.0	1	010001001:1	
35	853	702	3	1408121314.0	1	010001001:1	
35	707	702	3	1408114991.0	1	010001001:1	
35	702	702	0	1408114786.0	1	010001001:1	
15	182	179	3	1408095134.0	1	010001001:1	
15	200	179	3	1408095386.0	1	010001001:1	
15	329	200	0	1408098412.0	1	010001001:1	
15	212	179	3	1408095588.0	1	010001001:1	
15	190	179	3	1408095206.0	1	010001001:1	
15	458	329	3	1408101578.0	1	010001001:1	
15	183	179	3	1408095140.0	1	010001001:1	
15	211	200	1	1408095568.0	1	010001001:1	
15	217	179	3	1408095698.0	1	010001001:1	
15	184	179	3	1408095161.0	1	010001001:1	
15	215	179	3	1408095648.0	1	010001001:1	
15	566	487	3	1408105167.0	1	010001001:1	
15	205	179	3	1408095454.0	1	010001001:1	
15	487	458	3	1408102496.0	1	010001001:1	
15	218	179	3	1408095727.0	1	010001001:1	
15	219	179	1	1408095728.0	1	010001001:1	
15	186	179	1	1408095173.0	1	010001001:1	
15	202	179	3	1408095443.0	1	010001001:1	
15	195	179	3	1408095294.0	1	010001001:1	
15	213	179	2	1408095633.0	1	010001001:1	
15	179	179	0	1408095091.0	1	010001001:1	
4	65	61	3	1407898931.0	1	010001001:1	
4	63	61	2	1407898499.0	1	010001001:1	
4	70	61	3	1407899957.0	1	010001001:1	
4	68	61	3	1407899872.0	1	010001001:1	
4	67	61	2	1407899511.0	1	010001001:1	
4	64	61	3	1407898577.0	1	010001001:1	
4	62	61	3	1407898497.0	1	010001001:1	
4	94	61	3	1407922191.0	1	010001001:1	
4	69	68	3	1407899914.0	1	010001001:1	
4	90	70	3	1407918095.0	1	010001001:1	
4	61	61	0	1407898397.0	1	010001001:1	
3	92	50	3	1407920178.0	1	010001001:1	
3	60	59	3	1407897756.0	1	010001001:1	
3	50	30	3	1407893432.0	1	010001001:1	
3	58	57	0	1407897175.0	1	010001001:1	
3	55	30	3	1407896376.0	1	010001001:1	
3	98	30	0	1407929369.0	1	010001001:1	
3	46	30	3	1407881673.0	1	010001001:1	
3	38	30	3	1407878040.0	1	010001001:1	
3	44	30	3	1407879766.0	1	010001001:1	
3	114	30	3	1407948234.0	1	010001001:1	
3	36	30	2	1407877910.0	1	010001001:1	
3	40	30	3	1407878276.0	1	010001001:1	
3	56	50	2	1407896557.0	1	010001001:1	
3	54	30	3	1407896311.0	1	010001001:1	
3	100	30	0	1407931711.0	1	010001001:1	
3	47	30	3	1407881761.0	1	010001001:1	
3	66	60	3	1407899190.0	1	010001001:1	
3	101	30	3	1407931755.0	1	010001001:1	
3	37	30	2	1407877960.0	1	010001001:1	
3	52	30	1	1407893483.0	1	010001001:1	
3	34	30	3	1407877808.0	1	010001001:1	
3	59	58	3	1407897569.0	1	010001001:1	
3	99	30	3	1407931023.0	1	010001001:1	
3	95	30	3	1407925760.0	1	010001001:1	
3	49	30	3	1407893235.0	1	010001001:1	
3	32	30	3	1407877648.0	1	010001001:1	
3	102	95	3	1407931818.0	1	010001001:1	
3	97	95	0	1407927934.0	1	010001001:1	
3	48	30	3	1407891672.0	1	010001001:1	
3	96	95	3	1407925844.0	1	010001001:1	
3	35	30	3	1407877883.0	1	010001001:1	
3	57	54	3	1407896720.0	1	010001001:1	
3	30	30	0	1407877605.0	1	010001001:1	
37	1082	753	3	1408458707.0	1	010001001:1	
37	835	753	3	1408120347.0	1	010001001:1	
37	779	753	0	1408118568.0	1	010001001:1	
37	755	753	3	1408118145.0	1	010001001:1	
37	841	753	0	1408120552.0	1	010001001:1	
37	830	753	1	1408120255.0	1	010001001:1	
37	754	753	3	1408118046.0	1	010001001:1	
37	824	753	1	1408120099.0	1	010001001:1	
37	955	753	3	1408125175.0	1	010001001:1	
37	758	753	3	1408118255.0	1	010001001:1	
37	907	762	3	1408122979.0	1	010001001:1	
37	768	753	0	1408118449.0	1	010001001:1	
37	770	753	3	1408118477.0	1	010001001:1	
37	762	753	3	1408118305.0	1	010001001:1	
37	753	753	0	1408117982.0	1	010001001:1	
13	231	228	3	1408095919.0	1	010001001:1	
13	257	209	3	1408096413.0	1	010001001:1	
13	241	176	3	1408096099.0	1	010001001:1	
13	245	236	3	1408096203.0	1	010001001:1	
13	410	257	3	1408100217.0	1	010001001:1	
13	206	176	1	1408095471.0	1	010001001:1	
13	248	176	3	1408096232.0	1	010001001:1	
13	203	176	3	1408095445.0	1	010001001:1	
13	236	225	0	1408096011.0	1	010001001:1	
13	225	176	3	1408095811.0	1	010001001:1	
13	246	240	3	1408096203.0	1	010001001:1	
13	235	209	2	1408096011.0	1	010001001:1	
13	233	176	1	1408095958.0	1	010001001:1	
13	229	193	3	1408095859.0	1	010001001:1	
13	210	176	3	1408095566.0	1	010001001:1	
13	201	193	0	1408095424.0	1	010001001:1	
13	214	176	3	1408095637.0	1	010001001:1	
13	240	231	3	1408096075.0	1	010001001:1	
13	222	176	0	1408095768.0	1	010001001:1	
13	194	176	3	1408095285.0	1	010001001:1	
13	197	176	0	1408095304.0	1	010001001:1	
13	402	235	3	1408099937.0	1	010001001:1	
13	226	176	3	1408095813.0	1	010001001:1	
13	198	176	3	1408095338.0	1	010001001:1	
13	209	176	2	1408095537.0	1	010001001:1	
13	208	176	2	1408095502.0	1	010001001:1	
13	239	176	3	1408096073.0	1	010001001:1	
13	192	176	2	1408095275.0	1	010001001:1	
13	223	176	2	1408095780.0	1	010001001:1	
13	193	176	3	1408095278.0	1	010001001:1	
13	234	228	3	1408095979.0	1	010001001:1	
13	228	197	3	1408095832.0	1	010001001:1	
13	230	176	3	1408095900.0	1	010001001:1	
13	600	176	3	1408106965.0	1	010001001:1	
13	306	223	1	1408097573.0	1	010001001:1	
13	492	176	3	1408102690.0	1	010001001:1	
13	243	214	2	1408096139.0	1	010001001:1	
13	252	234	0	1408096334.0	1	010001001:1	
13	176	176	0	1408095021.0	1	010001001:1	
7	138	137	3	1408089761.0	1	010001001:1	
7	144	137	3	1408092612.0	1	010001001:1	
7	141	137	3	1408089870.0	1	010001001:1	
7	139	137	2	1408089761.0	1	010001001:1	
7	143	137	3	1408092487.0	1	010001001:1	
7	142	137	0	1408090270.0	1	010001001:1	
7	140	137	3	1408089822.0	1	010001001:1	
7	137	137	0	1408089673.0	1	010001001:1	
40	786	763	3	1408119002.0	1	010001001:1	
40	810	805	2	1408119764.0	1	010001001:1	
40	1078	982	3	1408446863.0	1	010001001:1	
40	765	763	3	1408118385.0	1	010001001:1	
40	799	763	0	1408119462.0	1	010001001:1	
40	950	763	0	1408124939.0	1	010001001:1	
40	897	763	3	1408122565.0	1	010001001:1	
40	801	799	3	1408119518.0	1	010001001:1	
40	924	763	3	1408123573.0	1	010001001:1	
40	798	763	1	1408119422.0	1	010001001:1	
40	866	763	3	1408121831.0	1	010001001:1	
40	805	801	3	1408119647.0	1	010001001:1	
40	797	763	1	1408119419.0	1	010001001:1	
40	831	763	3	1408120277.0	1	010001001:1	
40	981	763	1	1408127889.0	1	010001001:1	
40	982	763	1	1408127901.0	1	010001001:1	
40	766	763	3	1408118406.0	1	010001001:1	
40	1079	798	2	1408447006.0	1	010001001:1	
40	794	763	0	1408119322.0	1	010001001:1	
40	832	763	3	1408120303.0	1	010001001:1	
40	763	763	0	1408118311.0	1	010001001:1	
8	155	145	3	1408094280.0	1	010001001:1	
8	147	145	3	1408092874.0	1	010001001:1	
8	163	145	3	1408094674.0	1	010001001:1	
8	146	145	3	1408092837.0	1	010001001:1	
8	151	145	3	1408093422.0	1	010001001:1	
8	342	145	3	1408098762.0	1	010001001:1	
8	496	145	3	1408102768.0	1	010001001:1	
8	157	145	3	1408094391.0	1	010001001:1	
8	149	145	3	1408093229.0	1	010001001:1	
8	153	145	3	1408093567.0	1	010001001:1	
8	148	145	3	1408093101.0	1	010001001:1	
8	152	145	3	1408093510.0	1	010001001:1	
8	154	145	0	1408094253.0	1	010001001:1	
8	150	145	2	1408093363.0	1	010001001:1	
8	207	145	0	1408095492.0	1	010001001:1	
8	145	145	0	1408092623.0	1	010001001:1	
39	781	757	3	1408118651.0	1	010001001:1	
39	815	808	3	1408119856.0	1	010001001:1	
39	778	757	1	1408118567.0	1	010001001:1	
39	819	757	0	1408119925.0	1	010001001:1	
39	774	757	0	1408118508.0	1	010001001:1	
39	775	757	3	1408118519.0	1	010001001:1	
39	816	757	2	1408119880.0	1	010001001:1	
39	900	757	1	1408122661.0	1	010001001:1	
39	761	757	2	1408118305.0	1	010001001:1	
39	791	783	3	1408119241.0	1	010001001:1	
39	783	757	3	1408118899.0	1	010001001:1	
39	767	757	3	1408118440.0	1	010001001:1	
39	759	757	2	1408118293.0	1	010001001:1	
39	784	757	1	1408118919.0	1	010001001:1	
39	808	791	3	1408119711.0	1	010001001:1	
39	838	757	1	1408120432.0	1	010001001:1	
39	757	757	1	1408118239.0	1	010001001:1	
42	1011	1009	3	1408142149.0	1	010001001:1	
42	977	842	2	1408127153.0	1	010001001:1	
42	851	842	1	1408121285.0	1	010001001:1	
42	1060	1048	3	1408204973.0	1	010001001:1	
42	1059	1046	3	1408204735.0	1	010001001:1	
42	849	842	2	1408121266.0	1	010001001:1	
42	852	848	3	1408121299.0	1	010001001:1	
42	920	879	3	1408123420.0	1	010001001:1	
42	855	842	3	1408121380.0	1	010001001:1	
42	856	842	3	1408121508.0	1	010001001:1	
42	1048	985	2	1408194558.0	1	010001001:1	
42	960	842	3	1408125642.0	1	010001001:1	
42	847	842	3	1408121208.0	1	010001001:1	
42	850	842	0	1408121280.0	1	010001001:1	
42	862	842	3	1408121687.0	1	010001001:1	
42	1014	1011	3	1408142460.0	1	010001001:1	
42	1012	1009	0	1408142188.0	1	010001001:1	
42	848	842	3	1408121229.0	1	010001001:1	
42	1009	1007	0	1408141565.0	1	010001001:1	
42	1003	842	3	1408137482.0	1	010001001:1	
42	843	842	3	1408121013.0	1	010001001:1	
42	845	842	3	1408121105.0	1	010001001:1	
42	1049	985	0	1408194715.0	1	010001001:1	
42	892	842	0	1408122443.0	1	010001001:1	
42	877	842	3	1408122023.0	1	010001001:1	
42	985	879	3	1408129847.0	1	010001001:1	
42	1062	1059	2	1408208723.0	1	010001001:1	
42	902	842	2	1408122765.0	1	010001001:1	
42	1046	847	2	1408187859.0	1	010001001:1	
42	885	842	3	1408122247.0	1	010001001:1	
42	846	842	2	1408121141.0	1	010001001:1	
42	1007	842	0	1408140772.0	1	010001001:1	
42	953	842	1	1408125125.0	1	010001001:1	
42	1061	1049	3	1408205366.0	1	010001001:1	
42	917	842	3	1408123380.0	1	010001001:1	
42	879	855	2	1408122103.0	1	010001001:1	
42	842	842	0	1408120925.0	1	010001001:1	
9	189	156	3	1408095189.0	1	010001001:1	
9	605	156	2	1408107979.0	1	010001001:1	
9	159	156	3	1408094508.0	1	010001001:1	
9	185	156	3	1408095168.0	1	010001001:1	
9	288	156	3	1408097168.0	1	010001001:1	
9	609	156	3	1408108688.0	1	010001001:1	
9	177	156	0	1408095056.0	1	010001001:1	
9	490	156	0	1408102549.0	1	010001001:1	
9	160	156	3	1408094556.0	1	010001001:1	
9	158	156	2	1408094473.0	1	010001001:1	
9	171	156	3	1408094896.0	1	010001001:1	
9	311	288	3	1408097704.0	1	010001001:1	
9	156	156	0	1408094355.0	1	010001001:1	
26	559	528	0	1408105000.0	1	010001001:1	
26	619	528	0	1408109518.0	1	010001001:1	
26	642	528	1	1408111092.0	1	010001001:1	
26	641	528	2	1408111078.0	1	010001001:1	
26	615	528	3	1408109270.0	1	010001001:1	
26	1031	528	0	1408164947.0	1	010001001:1	
26	1056	528	3	1408198372.0	1	010001001:1	
26	1055	528	3	1408198366.0	1	010001001:1	
26	1057	1055	3	1408198557.0	1	010001001:1	
26	535	528	3	1408104397.0	1	010001001:1	
26	528	528	0	1408104280.0	1	010001001:1	
16	242	237	3	1408096117.0	1	010001001:1	
16	350	250	0	1408099019.0	1	010001001:1	
16	237	232	0	1408096035.0	1	010001001:1	
16	385	356	3	1408099535.0	1	010001001:1	
16	356	350	3	1408099087.0	1	010001001:1	
16	247	232	0	1408096231.0	1	010001001:1	
16	260	237	3	1408096457.0	1	010001001:1	
16	253	232	3	1408096335.0	1	010001001:1	
16	250	232	1	1408096266.0	1	010001001:1	
16	379	232	2	1408099427.0	1	010001001:1	
16	238	232	3	1408096047.0	1	010001001:1	
16	251	232	1	1408096288.0	1	010001001:1	
16	712	232	0	1408115218.0	1	010001001:1	
16	376	232	0	1408099364.0	1	010001001:1	
16	254	232	3	1408096364.0	1	010001001:1	
16	232	232	3	1408095941.0	1	010001001:1	
43	903	890	3	1408122810.0	1	010001001:1	
43	864	854	2	1408121799.0	1	010001001:1	
43	887	875	3	1408122299.0	1	010001001:1	
43	916	905	3	1408123356.0	1	010001001:1	
43	867	854	2	1408121839.0	1	010001001:1	
43	884	881	3	1408122241.0	1	010001001:1	
43	895	869	3	1408122512.0	1	010001001:1	
43	1058	854	3	1408201457.0	1	010001001:1	
43	922	916	3	1408123476.0	1	010001001:1	
43	912	910	3	1408123247.0	1	010001001:1	
43	869	858	3	1408121894.0	1	010001001:1	
43	898	896	0	1408122574.0	1	010001001:1	
43	890	875	3	1408122375.0	1	010001001:1	
43	863	860	3	1408121732.0	1	010001001:1	
43	857	854	3	1408121538.0	1	010001001:1	
43	909	904	2	1408123107.0	1	010001001:1	
43	886	881	3	1408122269.0	1	010001001:1	
43	910	905	2	1408123171.0	1	010001001:1	
43	894	891	3	1408122511.0	1	010001001:1	
43	871	864	3	1408121972.0	1	010001001:1	
43	989	854	3	1408130512.0	1	010001001:1	
43	891	886	1	1408122378.0	1	010001001:1	
43	913	911	2	1408123279.0	1	010001001:1	
43	896	894	3	1408122538.0	1	010001001:1	
43	878	864	3	1408122023.0	1	010001001:1	
43	881	878	3	1408122124.0	1	010001001:1	
43	905	903	3	1408122898.0	1	010001001:1	
43	929	908	3	1408123708.0	1	010001001:1	
43	980	854	2	1408127741.0	1	010001001:1	
43	888	881	3	1408122309.0	1	010001001:1	
43	874	864	2	1408122001.0	1	010001001:1	
43	872	854	2	1408121985.0	1	010001001:1	
43	870	857	3	1408121916.0	1	010001001:1	
43	911	905	3	1408123226.0	1	010001001:1	
43	979	854	3	1408127628.0	1	010001001:1	
43	883	875	3	1408122236.0	1	010001001:1	
43	1035	871	3	1408168115.0	1	010001001:1	
43	919	905	3	1408123388.0	1	010001001:1	
43	858	854	3	1408121570.0	1	010001001:1	
43	988	854	3	1408130453.0	1	010001001:1	
43	868	863	2	1408121890.0	1	010001001:1	
43	930	854	3	1408123725.0	1	010001001:1	
43	860	857	3	1408121672.0	1	010001001:1	
43	889	875	3	1408122325.0	1	010001001:1	
43	904	873	3	1408122889.0	1	010001001:1	
43	873	869	3	1408121997.0	1	010001001:1	
43	908	898	2	1408123066.0	1	010001001:1	
43	923	919	3	1408123562.0	1	010001001:1	
43	875	868	3	1408122012.0	1	010001001:1	
43	991	989	0	1408131060.0	1	010001001:1	
43	893	891	0	1408122460.0	1	010001001:1	
43	1024	854	2	1408148095.0	1	010001001:1	
43	854	854	0	1408121338.0	1	010001001:1	
5	76	71	3	1407916646.0	1	010001001:1	
5	80	71	0	1407916790.0	1	010001001:1	
5	85	82	3	1407917088.0	1	010001001:1	
5	87	86	3	1407917743.0	1	010001001:1	
5	86	73	3	1407917520.0	1	010001001:1	
5	89	87	3	1407918069.0	1	010001001:1	
5	103	71	0	1407935123.0	1	010001001:1	
5	79	75	0	1407916761.0	1	010001001:1	
5	111	71	3	1407938302.0	1	010001001:1	
5	72	71	3	1407916330.0	1	010001001:1	
5	75	74	2	1407916579.0	1	010001001:1	
5	88	71	3	1407917988.0	1	010001001:1	
5	93	71	3	1407921018.0	1	010001001:1	
5	77	76	3	1407916709.0	1	010001001:1	
5	115	71	3	1407952977.0	1	010001001:1	
5	83	79	3	1407917018.0	1	010001001:1	
5	81	71	0	1407916901.0	1	010001001:1	
5	84	82	3	1407917032.0	1	010001001:1	
5	82	76	3	1407916904.0	1	010001001:1	
5	91	89	3	1407918149.0	1	010001001:1	
5	1083	71	3	1410539560.0	1	010001001:1	
5	78	77	3	1407916759.0	1	010001001:1	
5	73	71	3	1407916453.0	1	010001001:1	
5	74	71	0	1407916503.0	1	010001001:1	
5	71	71	0	1407916038.0	1	010001001:1	
21	436	332	3	1408100795.0	1	010001001:1	
21	522	520	2	1408103900.0	1	010001001:1	
21	457	332	3	1408101557.0	1	010001001:1	
21	465	457	3	1408101765.0	1	010001001:1	
21	520	508	3	1408103869.0	1	010001001:1	
21	508	332	2	1408103583.0	1	010001001:1	
21	332	332	0	1408098491.0	1	010001001:1	
0	2	0	3	1407618578.0	1	010001001:1	
0	3	0	3	1407618887.0	1	010001001:1	
0	1	0	3	1407618203.0	1	010001001:1	
0	4	0	0	1407628316.0	1	010001001:1	
0	0	0	0	1407618014.0	1	010001001:1	
10	261	256	3	1408096534.0	1	010001001:1	
10	530	527	3	1408104342.0	1	010001001:1	
10	614	320	0	1408109228.0	1	010001001:1	
10	316	313	3	1408097862.0	1	010001001:1	
10	399	380	3	1408099892.0	1	010001001:1	
10	491	476	3	1408102635.0	1	010001001:1	
10	265	261	2	1408096598.0	1	010001001:1	
10	360	328	0	1408099122.0	1	010001001:1	
10	633	631	3	1408110397.0	1	010001001:1	
10	625	611	3	1408110099.0	1	010001001:1	
10	631	625	3	1408110359.0	1	010001001:1	
10	1070	1069	3	1408346657.0	1	010001001:1	
10	1033	392	3	1408165259.0	1	010001001:1	
10	428	399	3	1408100599.0	1	010001001:1	
10	450	413	3	1408101276.0	1	010001001:1	
10	1067	1065	2	1408257965.0	1	010001001:1	
10	493	483	3	1408102734.0	1	010001001:1	
10	431	399	3	1408100673.0	1	010001001:1	
10	621	325	3	1408109753.0	1	010001001:1	
10	422	399	3	1408100529.0	1	010001001:1	
10	411	408	0	1408100278.0	1	010001001:1	
10	432	399	3	1408100702.0	1	010001001:1	
10	1029	527	0	1408163689.0	1	010001001:1	
10	409	161	0	1408100160.0	1	010001001:1	
10	480	161	3	1408102344.0	1	010001001:1	
10	512	399	3	1408103666.0	1	010001001:1	
10	494	399	3	1408102756.0	1	010001001:1	
10	1064	425	3	1408251823.0	1	010001001:1	
10	403	399	3	1408099946.0	1	010001001:1	
10	1030	408	3	1408164349.0	1	010001001:1	
10	473	443	3	1408102173.0	1	010001001:1	
10	478	443	3	1408102294.0	1	010001001:1	
10	497	493	3	1408102842.0	1	010001001:1	
10	476	473	3	1408102220.0	1	010001001:1	
10	513	399	3	1408103698.0	1	010001001:1	
10	1001	305	3	1408136325.0	1	010001001:1	
10	577	161	3	1408105649.0	1	010001001:1	
10	315	305	3	1408097745.0	1	010001001:1	
10	405	360	3	1408100056.0	1	010001001:1	
10	1071	432	3	1408358113.0	1	010001001:1	
10	498	450	3	1408102850.0	1	010001001:1	
10	475	468	3	1408102194.0	1	010001001:1	
10	325	315	3	1408098358.0	1	010001001:1	
10	611	321	3	1408108784.0	1	010001001:1	
10	629	625	3	1408110282.0	1	010001001:1	
10	533	527	3	1408104385.0	1	010001001:1	
10	256	161	2	1408096395.0	1	010001001:1	
10	380	161	3	1408099435.0	1	010001001:1	
10	423	411	3	1408100532.0	1	010001001:1	
10	371	161	2	1408099290.0	1	010001001:1	
10	456	450	3	1408101517.0	1	010001001:1	
10	416	399	3	1408100383.0	1	010001001:1	
10	1063	425	3	1408249975.0	1	010001001:1	
10	392	380	3	1408099661.0	1	010001001:1	
10	1074	1070	2	1408425654.0	1	010001001:1	
10	187	161	0	1408095184.0	1	010001001:1	
10	1075	1074	3	1408436743.0	1	010001001:1	
10	326	276	3	1408098372.0	1	010001001:1	
10	312	286	3	1408097704.0	1	010001001:1	
10	634	629	3	1408110416.0	1	010001001:1	
10	483	478	3	1408102404.0	1	010001001:1	
10	527	512	3	1408104213.0	1	010001001:1	
10	413	405	3	1408100339.0	1	010001001:1	
10	443	161	3	1408101106.0	1	010001001:1	
10	320	316	3	1408098016.0	1	010001001:1	
10	461	161	3	1408101631.0	1	010001001:1	
10	468	161	3	1408101916.0	1	010001001:1	
10	1069	1066	3	1408336895.0	1	010001001:1	
10	429	423	3	1408100656.0	1	010001001:1	
10	1032	161	2	1408165154.0	1	010001001:1	
10	321	320	3	1408098177.0	1	010001001:1	
10	430	422	3	1408100661.0	1	010001001:1	
10	424	416	2	1408100541.0	1	010001001:1	
10	1081	1080	3	1408448070.0	1	010001001:1	
10	1065	1064	3	1408252106.0	1	010001001:1	
10	427	423	3	1408100597.0	1	010001001:1	
10	532	527	3	1408104372.0	1	010001001:1	
10	168	161	3	1408094710.0	1	010001001:1	
10	305	286	3	1408097446.0	1	010001001:1	
10	1080	1066	3	1408447834.0	1	010001001:1	
10	286	187	3	1408097151.0	1	010001001:1	
10	276	161	0	1408096938.0	1	010001001:1	
10	400	392	3	1408099922.0	1	010001001:1	
10	328	161	3	1408098394.0	1	010001001:1	
10	425	411	3	1408100546.0	1	010001001:1	
10	1066	1063	3	1408257375.0	1	010001001:1	
10	408	400	3	1408100156.0	1	010001001:1	
10	1076	1074	3	1408438366.0	1	010001001:1	
10	337	326	3	1408098575.0	1	010001001:1	
10	314	161	0	1408097726.0	1	010001001:1	
10	1034	411	3	1408165355.0	1	010001001:1	
10	313	305	3	1408097720.0	1	010001001:1	
10	161	161	0	1408094621.0	1	010001001:1	
36	1010	732	3	1408141907.0	1	010001001:1	
36	1025	732	3	1408151181.0	1	010001001:1	
36	789	732	1	1408119144.0	1	010001001:1	
36	740	732	0	1408116731.0	1	010001001:1	
36	744	732	3	1408116849.0	1	010001001:1	
36	737	732	3	1408116652.0	1	010001001:1	
36	745	733	3	1408116898.0	1	010001001:1	
36	1006	732	3	1408140608.0	1	010001001:1	
36	733	732	0	1408116621.0	1	010001001:1	
36	735	732	0	1408116645.0	1	010001001:1	
36	738	732	3	1408116663.0	1	010001001:1	
36	1037	738	3	1408174294.0	1	010001001:1	
36	1022	732	0	1408146899.0	1	010001001:1	
36	749	732	3	1408117237.0	1	010001001:1	
36	751	732	3	1408117441.0	1	010001001:1	
36	741	732	3	1408116748.0	1	010001001:1	
36	743	732	1	1408116840.0	1	010001001:1	
36	1017	732	2	1408144349.0	1	010001001:1	
36	752	732	3	1408117546.0	1	010001001:1	
36	1038	737	1	1408175829.0	1	010001001:1	
36	732	732	0	1408116553.0	1	010001001:1	
27	576	536	0	1408105629.0	1	010001001:1	
27	536	529	0	1408104432.0	1	010001001:1	
27	1072	529	1	1408377813.0	1	010001001:1	
27	997	617	3	1408134995.0	1	010001001:1	
27	601	529	0	1408107064.0	1	010001001:1	
27	554	529	0	1408104907.0	1	010001001:1	
27	579	529	3	1408105868.0	1	010001001:1	
27	649	536	0	1408111544.0	1	010001001:1	
27	553	537	3	1408104903.0	1	010001001:1	
27	645	529	3	1408111238.0	1	010001001:1	
27	537	529	0	1408104442.0	1	010001001:1	
27	617	579	3	1408109460.0	1	010001001:1	
27	549	529	0	1408104663.0	1	010001001:1	
27	578	537	3	1408105758.0	1	010001001:1	
27	608	529	0	1408108481.0	1	010001001:1	
27	1073	529	3	1408378346.0	1	010001001:1	
27	529	529	0	1408104310.0	1	010001001:1	
14	1068	178	3	1408301268.0	1	010001001:1	
14	448	178	2	1408101247.0	1	010001001:1	
14	199	178	1	1408095353.0	1	010001001:1	
14	1077	178	1	1408440583.0	1	010001001:1	
14	188	178	3	1408095187.0	1	010001001:1	
14	178	178	0	1408095082.0	1	010001001:1	
2	53	27	3	1407896230.0	1	010001001:1	
2	1008	27	1	1408141066.0	1	010001001:1	
2	132	27	3	1408008624.0	1	010001001:1	
2	41	27	2	1407878347.0	1	010001001:1	
2	29	27	3	1407877461.0	1	010001001:1	
2	42	27	3	1407878677.0	1	010001001:1	
2	112	27	3	1407939585.0	1	010001001:1	
2	43	27	3	1407878852.0	1	010001001:1	
2	33	27	3	1407877741.0	1	010001001:1	
2	31	27	3	1407877640.0	1	010001001:1	
2	39	27	3	1407878113.0	1	010001001:1	
2	28	27	1	1407877168.0	1	010001001:1	
2	51	27	3	1407893450.0	1	010001001:1	
2	45	27	3	1407879833.0	1	010001001:1	
2	27	27	0	1407877065.0	1	010001001:1	
17	344	324	3	1408098887.0	1	010001001:1	
17	333	330	3	1408098492.0	1	010001001:1	
17	264	249	1	1408096576.0	1	010001001:1	
17	294	282	1	1408097286.0	1	010001001:1	
17	267	249	3	1408096735.0	1	010001001:1	
17	282	280	3	1408097121.0	1	010001001:1	
17	509	503	2	1408103608.0	1	010001001:1	
17	273	249	3	1408096845.0	1	010001001:1	
17	278	249	3	1408096975.0	1	010001001:1	
17	401	390	3	1408099927.0	1	010001001:1	
17	1044	1042	3	1408185875.0	1	010001001:1	
17	317	249	1	1408097937.0	1	010001001:1	
17	404	287	3	1408100056.0	1	010001001:1	
17	517	503	3	1408103788.0	1	010001001:1	
17	345	249	3	1408098906.0	1	010001001:1	
17	300	296	3	1408097391.0	1	010001001:1	
17	390	374	2	1408099611.0	1	010001001:1	
17	293	249	2	1408097274.0	1	010001001:1	
17	284	249	3	1408097126.0	1	010001001:1	
17	374	370	3	1408099307.0	1	010001001:1	
17	268	249	1	1408096738.0	1	010001001:1	
17	396	393	3	1408099798.0	1	010001001:1	
17	280	269	1	1408097067.0	1	010001001:1	
17	1043	1036	3	1408185285.0	1	010001001:1	
17	292	287	0	1408097266.0	1	010001001:1	
17	415	249	3	1408100380.0	1	010001001:1	
17	362	255	3	1408099131.0	1	010001001:1	
17	339	267	3	1408098635.0	1	010001001:1	
17	289	249	3	1408097180.0	1	010001001:1	
17	1045	1043	0	1408186190.0	1	010001001:1	
17	370	367	3	1408099266.0	1	010001001:1	
17	516	503	2	1408103787.0	1	010001001:1	
17	263	249	1	1408096567.0	1	010001001:1	
17	407	404	3	1408100126.0	1	010001001:1	
17	393	390	3	1408099663.0	1	010001001:1	
17	503	404	3	1408103182.0	1	010001001:1	
17	262	249	3	1408096538.0	1	010001001:1	
17	511	503	3	1408103638.0	1	010001001:1	
17	367	294	3	1408099234.0	1	010001001:1	
17	992	262	3	1408131768.0	1	010001001:1	
17	1042	1036	3	1408185263.0	1	010001001:1	
17	301	298	2	1408097398.0	1	010001001:1	
17	296	292	3	1408097322.0	1	010001001:1	
17	281	249	2	1408097100.0	1	010001001:1	
17	1036	992	3	1408168370.0	1	010001001:1	
17	324	258	3	1408098356.0	1	010001001:1	
17	330	263	3	1408098453.0	1	010001001:1	
17	304	249	3	1408097430.0	1	010001001:1	
17	255	249	3	1408096380.0	1	010001001:1	
17	258	249	2	1408096414.0	1	010001001:1	
17	266	249	3	1408096663.0	1	010001001:1	
17	398	249	3	1408099879.0	1	010001001:1	
17	298	294	3	1408097343.0	1	010001001:1	
17	270	249	3	1408096800.0	1	010001001:1	
17	721	511	3	1408115648.0	1	010001001:1	
17	354	345	2	1408099071.0	1	010001001:1	
17	287	282	3	1408097165.0	1	010001001:1	
17	269	249	3	1408096793.0	1	010001001:1	
17	249	249	0	1408096265.0	1	010001001:1	
1	9	8	3	1407658081.0	1	010001001:1	
1	19	6	3	1407660032.0	1	010001001:1	
1	26	25	3	1407675658.0	1	010001001:1	
1	12	5	0	1407659102.0	1	010001001:1	
1	10	8	3	1407658187.0	1	010001001:1	
1	15	5	3	1407659438.0	1	010001001:1	
1	22	5	0	1407664434.0	1	010001001:1	
1	16	5	3	1407659563.0	1	010001001:1	
1	23	7	0	1407667617.0	1	010001001:1	
1	8	5	3	1407656252.0	1	010001001:1	
1	14	5	3	1407659317.0	1	010001001:1	
1	17	6	3	1407659716.0	1	010001001:1	
1	18	6	3	1407659871.0	1	010001001:1	
1	7	5	3	1407654628.0	1	010001001:1	
1	6	5	3	1407654255.0	1	010001001:1	
1	24	8	3	1407667771.0	1	010001001:1	
1	11	5	3	1407658959.0	1	010001001:1	
1	25	8	3	1407671580.0	1	010001001:1	
1	13	5	3	1407659228.0	1	010001001:1	
1	21	19	3	1407663616.0	1	010001001:1	
1	20	19	3	1407662207.0	1	010001001:1	
1	5	5	0	1407653933.0	1	010001001:1	
44	957	876	3	1408125563.0	1	010001001:1	
44	961	934	3	1408125830.0	1	010001001:1	
44	901	876	3	1408122752.0	1	010001001:1	
44	967	966	3	1408126359.0	1	010001001:1	
44	959	876	3	1408125633.0	1	010001001:1	
44	938	876	0	1408124453.0	1	010001001:1	
44	934	876	3	1408124118.0	1	010001001:1	
44	939	876	3	1408124473.0	1	010001001:1	
44	936	876	3	1408124164.0	1	010001001:1	
44	958	876	3	1408125613.0	1	010001001:1	
44	963	961	3	1408126181.0	1	010001001:1	
44	964	963	3	1408126274.0	1	010001001:1	
44	962	961	3	1408125926.0	1	010001001:1	
44	966	963	3	1408126319.0	1	010001001:1	
44	880	876	0	1408122104.0	1	010001001:1	
44	876	876	0	1408122015.0	1	010001001:1	
38	933	756	3	1408124103.0	1	010001001:1	
38	780	756	3	1408118618.0	1	010001001:1	
38	975	937	0	1408127073.0	1	010001001:1	
38	1028	756	1	1408161022.0	1	010001001:1	
38	882	780	3	1408122178.0	1	010001001:1	
38	834	776	3	1408120344.0	1	010001001:1	
38	937	882	3	1408124426.0	1	010001001:1	
38	772	756	3	1408118482.0	1	010001001:1	
38	865	756	3	1408121810.0	1	010001001:1	
38	776	771	0	1408118537.0	1	010001001:1	
38	1026	756	3	1408157906.0	1	010001001:1	
38	983	756	3	1408128101.0	1	010001001:1	
38	793	776	3	1408119275.0	1	010001001:1	
38	771	756	2	1408118477.0	1	010001001:1	
38	1005	756	3	1408138599.0	1	010001001:1	
38	756	756	0	1408118164.0	1	010001001:1	
32	682	675	3	1408113273.0	1	010001001:1	
32	689	675	3	1408113420.0	1	010001001:1	
32	750	746	1	1408117261.0	1	010001001:1	
32	678	666	2	1408113158.0	1	010001001:1	
32	675	666	3	1408113106.0	1	010001001:1	
32	691	684	0	1408113515.0	1	010001001:1	
32	674	666	2	1408113071.0	1	010001001:1	
32	718	717	3	1408115597.0	1	010001001:1	
32	664	654	3	1408112888.0	1	010001001:1	
32	684	678	3	1408113319.0	1	010001001:1	
32	724	722	0	1408115938.0	1	010001001:1	
32	795	790	3	1408119359.0	1	010001001:1	
32	697	693	3	1408113763.0	1	010001001:1	
32	640	638	1	1408110994.0	1	010001001:1	
32	650	640	0	1408111630.0	1	010001001:1	
32	698	696	0	1408113925.0	1	010001001:1	
32	647	638	1	1408111268.0	1	010001001:1	
32	643	638	0	1408111121.0	1	010001001:1	
32	670	661	3	1408113012.0	1	010001001:1	
32	639	638	3	1408110965.0	1	010001001:1	
32	746	736	1	1408117017.0	1	010001001:1	
32	686	682	3	1408113346.0	1	010001001:1	
32	722	718	3	1408115678.0	1	010001001:1	
32	730	729	3	1408116207.0	1	010001001:1	
32	747	742	3	1408117161.0	1	010001001:1	
32	688	673	3	1408113395.0	1	010001001:1	
32	719	643	0	1408115621.0	1	010001001:1	
32	687	675	3	1408113385.0	1	010001001:1	
32	646	638	1	1408111251.0	1	010001001:1	
32	734	729	3	1408116640.0	1	010001001:1	
32	654	651	2	1408112694.0	1	010001001:1	
32	661	652	3	1408112767.0	1	010001001:1	
32	644	638	0	1408111226.0	1	010001001:1	
32	739	729	3	1408116716.0	1	010001001:1	
32	681	670	3	1408113272.0	1	010001001:1	
32	652	644	3	1408112189.0	1	010001001:1	
32	693	689	3	1408113588.0	1	010001001:1	
32	667	664	3	1408112969.0	1	010001001:1	
32	666	661	1	1408112963.0	1	010001001:1	
32	651	644	0	1408111669.0	1	010001001:1	
32	696	692	3	1408113760.0	1	010001001:1	
32	1041	724	3	1408184041.0	1	010001001:1	
32	736	643	3	1408116648.0	1	010001001:1	
32	806	661	3	1408119651.0	1	010001001:1	
32	723	719	3	1408115870.0	1	010001001:1	
32	695	693	3	1408113736.0	1	010001001:1	
32	717	643	0	1408115503.0	1	010001001:1	
32	729	723	3	1408116121.0	1	010001001:1	
32	673	644	3	1408113055.0	1	010001001:1	
32	694	688	0	1408113726.0	1	010001001:1	
32	692	686	2	1408113528.0	1	010001001:1	
32	790	640	0	1408119164.0	1	010001001:1	
32	742	736	2	1408116777.0	1	010001001:1	
32	1013	724	3	1408142442.0	1	010001001:1	
32	638	638	0	1408110822.0	1	010001001:1	
29	587	581	3	1408106175.0	1	010001001:1	
29	618	581	3	1408109497.0	1	010001001:1	
29	598	581	3	1408106663.0	1	010001001:1	
29	584	581	3	1408106148.0	1	010001001:1	
29	636	632	3	1408110514.0	1	010001001:1	
29	586	581	0	1408106164.0	1	010001001:1	
29	1019	581	3	1408144799.0	1	010001001:1	
29	1021	581	3	1408145358.0	1	010001001:1	
29	590	581	1	1408106240.0	1	010001001:1	
29	599	581	3	1408106764.0	1	010001001:1	
29	660	581	3	1408112764.0	1	010001001:1	
29	596	581	3	1408106393.0	1	010001001:1	
29	632	584	3	1408110360.0	1	010001001:1	
29	602	581	3	1408107237.0	1	010001001:1	
29	589	581	3	1408106199.0	1	010001001:1	
29	597	581	1	1408106562.0	1	010001001:1	
29	616	581	3	1408109282.0	1	010001001:1	
29	585	581	3	1408106155.0	1	010001001:1	
29	581	581	0	1408106055.0	1	010001001:1	
28	593	580	3	1408106271.0	1	010001001:1	
28	613	580	3	1408108827.0	1	010001001:1	
28	588	580	3	1408106195.0	1	010001001:1	
28	592	580	3	1408106269.0	1	010001001:1	
28	594	580	3	1408106279.0	1	010001001:1	
28	582	580	3	1408106084.0	1	010001001:1	
28	603	580	3	1408107392.0	1	010001001:1	
28	580	580	0	1408106052.0	1	010001001:1	
25	495	455	1	1408102763.0	1	010001001:1	
25	459	455	3	1408101584.0	1	010001001:1	
25	489	455	3	1408102517.0	1	010001001:1	
25	519	455	3	1408103845.0	1	010001001:1	
25	460	459	3	1408101612.0	1	010001001:1	
25	488	467	3	1408102504.0	1	010001001:1	
25	571	488	2	1408105347.0	1	010001001:1	
25	521	466	3	1408103877.0	1	010001001:1	
25	514	488	3	1408103707.0	1	010001001:1	
25	518	488	3	1408103831.0	1	010001001:1	
25	485	467	3	1408102461.0	1	010001001:1	
25	515	466	2	1408103725.0	1	010001001:1	
25	510	455	2	1408103618.0	1	010001001:1	
25	482	460	3	1408102403.0	1	010001001:1	
25	467	455	3	1408101868.0	1	010001001:1	
25	466	455	3	1408101823.0	1	010001001:1	
25	472	455	1	1408102169.0	1	010001001:1	
25	523	519	1	1408104046.0	1	010001001:1	
25	455	455	3	1408101515.0	1	010001001:1	
12	291	174	3	1408097193.0	1	010001001:1	
12	227	174	2	1408095815.0	1	010001001:1	
12	204	174	3	1408095454.0	1	010001001:1	
12	220	174	0	1408095729.0	1	010001001:1	
12	216	174	3	1408095664.0	1	010001001:1	
12	191	174	3	1408095275.0	1	010001001:1	
12	221	174	3	1408095761.0	1	010001001:1	
12	307	303	3	1408097579.0	1	010001001:1	
12	196	174	2	1408095301.0	1	010001001:1	
12	180	174	3	1408095092.0	1	010001001:1	
12	303	291	3	1408097413.0	1	010001001:1	
12	224	174	3	1408095780.0	1	010001001:1	
12	174	174	0	1408094922.0	1	010001001:1	
6	135	104	2	1408025753.0	1	010001001:1	
6	129	104	3	1407969741.0	1	010001001:1	
6	105	104	3	1407935716.0	1	010001001:1	
6	120	118	3	1407954416.0	1	010001001:1	
6	116	104	3	1407953871.0	1	010001001:1	
6	134	104	3	1408009451.0	1	010001001:1	
6	118	104	1	1407954100.0	1	010001001:1	
6	119	118	2	1407954286.0	1	010001001:1	
6	113	104	3	1407942477.0	1	010001001:1	
6	110	104	3	1407937469.0	1	010001001:1	
6	126	122	0	1407954967.0	1	010001001:1	
6	125	123	1	1407954829.0	1	010001001:1	
6	130	104	3	1407970697.0	1	010001001:1	
6	108	104	3	1407936008.0	1	010001001:1	
6	117	104	1	1407953996.0	1	010001001:1	
6	133	104	3	1408008754.0	1	010001001:1	
6	109	104	3	1407937323.0	1	010001001:1	
6	128	104	0	1407969043.0	1	010001001:1	
6	124	104	3	1407954822.0	1	010001001:1	
6	127	121	1	1407955121.0	1	010001001:1	
6	123	122	3	1407954721.0	1	010001001:1	
6	122	118	1	1407954556.0	1	010001001:1	
6	121	118	3	1407954473.0	1	010001001:1	
6	107	104	3	1407935929.0	1	010001001:1	
6	131	104	2	1407974073.0	1	010001001:1	
6	136	104	3	1408026072.0	1	010001001:1	
6	106	104	3	1407935756.0	1	010001001:1	
6	104	104	0	1407935687.0	1	010001001:1	
