17	308	150	3	1413982515.0	1	010001001:1	
17	271	150	2	1413981179.0	1	010001001:1	
17	268	150	2	1413981097.0	1	010001001:1	
17	350	308	3	1413983240.0	1	010001001:1	
17	264	150	3	1413980946.0	1	010001001:1	
17	512	350	3	1413987822.0	1	010001001:1	
17	150	150	0	1413977237.0	1	010001001:1	
27	287	246	1	1413981808.0	1	010001001:1	
27	251	246	3	1413980416.0	1	010001001:1	
27	248	246	0	1413980255.0	1	010001001:1	
27	290	246	3	1413981863.0	1	010001001:1	
27	246	246	0	1413980075.0	1	010001001:1	
4	68	13	3	1413975254.0	1	010001001:1	
4	38	13	3	1413974559.0	1	010001001:1	
4	17	13	2	1413974328.0	1	010001001:1	
4	30	13	0	1413974502.0	1	010001001:1	
4	84	13	3	1413975610.0	1	010001001:1	
4	40	13	3	1413974571.0	1	010001001:1	
4	27	13	3	1413974432.0	1	010001001:1	
4	22	13	3	1413974379.0	1	010001001:1	
4	97	13	3	1413975920.0	1	010001001:1	
4	74	13	3	1413975401.0	1	010001001:1	
4	78	13	0	1413975523.0	1	010001001:1	
4	13	13	0	1413974259.0	1	010001001:1	
56	723	722	3	1414006595.0	1	010001001:1	
56	739	727	3	1414007018.0	1	010001001:1	
56	738	722	0	1414007000.0	1	010001001:1	
56	727	722	3	1414006776.0	1	010001001:1	
56	729	722	3	1414006821.0	1	010001001:1	
56	759	723	3	1414012048.0	1	010001001:1	
56	732	722	3	1414006870.0	1	010001001:1	
56	725	722	3	1414006648.0	1	010001001:1	
56	734	722	0	1414006889.0	1	010001001:1	
56	731	722	3	1414006869.0	1	010001001:1	
56	735	722	2	1414006909.0	1	010001001:1	
56	726	722	1	1414006683.0	1	010001001:1	
56	736	722	3	1414006975.0	1	010001001:1	
56	730	722	3	1414006841.0	1	010001001:1	
56	755	727	3	1414009475.0	1	010001001:1	
56	722	722	0	1414006535.0	1	010001001:1	
23	228	227	3	1413979630.0	1	010001001:1	
23	284	227	3	1413981780.0	1	010001001:1	
23	229	227	3	1413979652.0	1	010001001:1	
23	227	227	0	1413979591.0	1	010001001:1	
43	549	546	1	1413990209.0	1	010001001:1	
43	551	546	1	1413990380.0	1	010001001:1	
43	553	551	3	1413990478.0	1	010001001:1	
43	554	546	2	1413990534.0	1	010001001:1	
43	550	546	0	1413990254.0	1	010001001:1	
43	555	546	3	1413990558.0	1	010001001:1	
43	548	546	3	1413990173.0	1	010001001:1	
43	547	546	3	1413990142.0	1	010001001:1	
43	560	546	1	1413990659.0	1	010001001:1	
43	546	546	0	1413990120.0	1	010001001:1	
36	432	410	0	1413985560.0	1	010001001:1	
36	449	410	0	1413985870.0	1	010001001:1	
36	441	410	0	1413985711.0	1	010001001:1	
36	451	410	1	1413985876.0	1	010001001:1	
36	492	410	0	1413986651.0	1	010001001:1	
36	410	410	0	1413985179.0	1	010001001:1	
11	79	72	2	1413975565.0	1	010001001:1	
11	94	69	0	1413975851.0	1	010001001:1	
11	85	72	3	1413975610.0	1	010001001:1	
11	76	72	3	1413975423.0	1	010001001:1	
11	666	69	0	1413999426.0	1	010001001:1	
11	255	69	3	1413980648.0	1	010001001:1	
11	82	72	2	1413975594.0	1	010001001:1	
11	81	69	3	1413975582.0	1	010001001:1	
11	72	69	0	1413975370.0	1	010001001:1	
11	87	72	1	1413975643.0	1	010001001:1	
11	96	69	3	1413975907.0	1	010001001:1	
11	86	69	3	1413975622.0	1	010001001:1	
11	69	69	0	1413975319.0	1	010001001:1	
51	690	659	3	1414000827.0	1	010001001:1	
51	685	665	2	1414000463.0	1	010001001:1	
51	665	659	3	1413999322.0	1	010001001:1	
51	664	659	3	1413999320.0	1	010001001:1	
51	674	659	0	1413999904.0	1	010001001:1	
51	659	659	0	1413998979.0	1	010001001:1	
24	342	336	2	1413983050.0	1	010001001:1	
24	261	230	1	1413980794.0	1	010001001:1	
24	315	307	1	1413982600.0	1	010001001:1	
24	349	230	1	1413983218.0	1	010001001:1	
24	233	230	3	1413979758.0	1	010001001:1	
24	267	230	1	1413981085.0	1	010001001:1	
24	260	230	1	1413980779.0	1	010001001:1	
24	336	329	3	1413982941.0	1	010001001:1	
24	347	342	3	1413983140.0	1	010001001:1	
24	307	230	1	1413982476.0	1	010001001:1	
24	285	230	3	1413981791.0	1	010001001:1	
24	351	230	2	1413983248.0	1	010001001:1	
24	348	347	3	1413983217.0	1	010001001:1	
24	357	351	3	1413983579.0	1	010001001:1	
24	232	230	3	1413979707.0	1	010001001:1	
24	358	349	3	1413983591.0	1	010001001:1	
24	360	358	3	1413983665.0	1	010001001:1	
24	258	230	1	1413980750.0	1	010001001:1	
24	280	230	3	1413981499.0	1	010001001:1	
24	329	315	1	1413982809.0	1	010001001:1	
24	230	230	0	1413979653.0	1	010001001:1	
22	243	222	3	1413980029.0	1	010001001:1	
22	224	211	3	1413979437.0	1	010001001:1	
22	388	253	3	1413984464.0	1	010001001:1	
22	423	401	2	1413985363.0	1	010001001:1	
22	406	394	3	1413985073.0	1	010001001:1	
22	257	211	3	1413980731.0	1	010001001:1	
22	253	243	0	1413980561.0	1	010001001:1	
22	225	211	3	1413979461.0	1	010001001:1	
22	222	211	3	1413979381.0	1	010001001:1	
22	262	257	3	1413980812.0	1	010001001:1	
22	401	394	3	1413984997.0	1	010001001:1	
22	219	211	3	1413979105.0	1	010001001:1	
22	394	388	3	1413984841.0	1	010001001:1	
22	433	426	3	1413985585.0	1	010001001:1	
22	234	211	3	1413979811.0	1	010001001:1	
22	416	401	3	1413985276.0	1	010001001:1	
22	238	211	3	1413979943.0	1	010001001:1	
22	217	211	3	1413979046.0	1	010001001:1	
22	269	266	3	1413981150.0	1	010001001:1	
22	266	262	3	1413981012.0	1	010001001:1	
22	426	416	3	1413985420.0	1	010001001:1	
22	211	211	0	1413978872.0	1	010001001:1	
26	256	237	3	1413980653.0	1	010001001:1	
26	741	237	3	1414007106.0	1	010001001:1	
26	259	237	0	1413980768.0	1	010001001:1	
26	237	237	0	1413979937.0	1	010001001:1	
12	102	100	3	1413976086.0	1	010001001:1	
12	113	93	3	1413976303.0	1	010001001:1	
12	117	93	0	1413976477.0	1	010001001:1	
12	104	102	2	1413976153.0	1	010001001:1	
12	100	93	2	1413976027.0	1	010001001:1	
12	93	93	0	1413975755.0	1	010001001:1	
37	470	463	3	1413986196.0	1	010001001:1	
37	564	539	3	1413990938.0	1	010001001:1	
37	566	564	2	1413991021.0	1	010001001:1	
37	467	431	0	1413986170.0	1	010001001:1	
37	463	459	3	1413986074.0	1	010001001:1	
37	459	431	3	1413986013.0	1	010001001:1	
37	539	537	3	1413989855.0	1	010001001:1	
37	570	566	3	1413991191.0	1	010001001:1	
37	537	431	2	1413989711.0	1	010001001:1	
37	567	431	3	1413991055.0	1	010001001:1	
37	571	570	3	1413991316.0	1	010001001:1	
37	431	431	0	1413985558.0	1	010001001:1	
53	708	707	0	1414004573.0	1	010001001:1	
53	733	707	1	1414006877.0	1	010001001:1	
53	709	707	3	1414004975.0	1	010001001:1	
53	742	707	3	1414007241.0	1	010001001:1	
53	758	707	0	1414011448.0	1	010001001:1	
53	707	707	0	1414003963.0	1	010001001:1	
30	530	314	3	1413988737.0	1	010001001:1	
30	318	310	2	1413982626.0	1	010001001:1	
30	322	310	3	1413982657.0	1	010001001:1	
30	341	310	2	1413983035.0	1	010001001:1	
30	325	310	3	1413982689.0	1	010001001:1	
30	314	310	0	1413982600.0	1	010001001:1	
30	330	310	1	1413982814.0	1	010001001:1	
30	331	310	3	1413982820.0	1	010001001:1	
30	324	310	0	1413982677.0	1	010001001:1	
30	334	310	2	1413982901.0	1	010001001:1	
30	332	310	3	1413982852.0	1	010001001:1	
30	338	310	3	1413982983.0	1	010001001:1	
30	312	310	0	1413982589.0	1	010001001:1	
30	316	310	0	1413982615.0	1	010001001:1	
30	313	310	1	1413982593.0	1	010001001:1	
30	328	310	0	1413982797.0	1	010001001:1	
30	310	310	0	1413982546.0	1	010001001:1	
47	623	622	3	1413997147.0	1	010001001:1	
47	625	621	3	1413997179.0	1	010001001:1	
47	774	745	3	1414151276.0	1	010001001:1	
47	642	640	3	1413998011.0	1	010001001:1	
47	768	767	3	1414088726.0	1	010001001:1	
47	632	614	2	1413997482.0	1	010001001:1	
47	628	614	2	1413997404.0	1	010001001:1	
47	621	618	3	1413997119.0	1	010001001:1	
47	770	769	3	1414089620.0	1	010001001:1	
47	631	614	2	1413997469.0	1	010001001:1	
47	619	615	3	1413997075.0	1	010001001:1	
47	618	614	2	1413997054.0	1	010001001:1	
47	767	622	2	1414088658.0	1	010001001:1	
47	615	614	2	1413996983.0	1	010001001:1	
47	651	637	3	1413998375.0	1	010001001:1	
47	630	623	3	1413997430.0	1	010001001:1	
47	626	614	3	1413997332.0	1	010001001:1	
47	637	614	3	1413997719.0	1	010001001:1	
47	627	614	2	1413997403.0	1	010001001:1	
47	629	614	2	1413997427.0	1	010001001:1	
47	745	744	3	1414007939.0	1	010001001:1	
47	617	614	2	1413997026.0	1	010001001:1	
47	657	640	3	1413998722.0	1	010001001:1	
47	620	617	2	1413997101.0	1	010001001:1	
47	744	621	2	1414007788.0	1	010001001:1	
47	624	614	2	1413997165.0	1	010001001:1	
47	769	768	3	1414089091.0	1	010001001:1	
47	633	614	2	1413997534.0	1	010001001:1	
47	639	620	3	1413997809.0	1	010001001:1	
47	622	614	2	1413997130.0	1	010001001:1	
47	640	639	1	1413997906.0	1	010001001:1	
47	766	617	2	1414088597.0	1	010001001:1	
47	614	614	0	1413996838.0	1	010001001:1	
33	428	370	0	1413985499.0	1	010001001:1	
33	608	370	3	1413995771.0	1	010001001:1	
33	460	370	0	1413986022.0	1	010001001:1	
33	587	370	3	1413993494.0	1	010001001:1	
33	370	370	0	1413983968.0	1	010001001:1	
9	52	44	3	1413974720.0	1	010001001:1	
9	61	44	3	1413974996.0	1	010001001:1	
9	65	44	3	1413975047.0	1	010001001:1	
9	44	44	0	1413974598.0	1	010001001:1	
2	7	5	2	1413974026.0	1	010001001:1	
2	99	5	3	1413975998.0	1	010001001:1	
2	18	5	1	1413974340.0	1	010001001:1	
2	19	5	0	1413974354.0	1	010001001:1	
2	10	5	3	1413974164.0	1	010001001:1	
2	46	5	1	1413974621.0	1	010001001:1	
2	21	5	3	1413974376.0	1	010001001:1	
2	6	5	2	1413974014.0	1	010001001:1	
2	15	5	3	1413974284.0	1	010001001:1	
2	5	5	0	1413973931.0	1	010001001:1	
19	212	184	3	1413978876.0	1	010001001:1	
19	189	184	0	1413978274.0	1	010001001:1	
19	184	184	0	1413978093.0	1	010001001:1	
34	448	379	3	1413985848.0	1	010001001:1	
34	387	379	3	1413984442.0	1	010001001:1	
34	380	379	2	1413984257.0	1	010001001:1	
34	398	379	3	1413984931.0	1	010001001:1	
34	494	379	0	1413986666.0	1	010001001:1	
34	382	380	0	1413984292.0	1	010001001:1	
34	379	379	0	1413984238.0	1	010001001:1	
32	403	395	1	1413985024.0	1	010001001:1	
32	450	395	3	1413985870.0	1	010001001:1	
32	464	452	3	1413986119.0	1	010001001:1	
32	400	389	3	1413984983.0	1	010001001:1	
32	660	605	1	1413999172.0	1	010001001:1	
32	455	395	3	1413985942.0	1	010001001:1	
32	407	400	3	1413985077.0	1	010001001:1	
32	386	367	3	1413984424.0	1	010001001:1	
32	445	425	3	1413985779.0	1	010001001:1	
32	438	425	3	1413985679.0	1	010001001:1	
32	466	456	3	1413986153.0	1	010001001:1	
32	490	476	3	1413986634.0	1	010001001:1	
32	452	395	3	1413985886.0	1	010001001:1	
32	446	443	3	1413985833.0	1	010001001:1	
32	367	363	3	1413983908.0	1	010001001:1	
32	439	434	3	1413985682.0	1	010001001:1	
32	499	490	3	1413986811.0	1	010001001:1	
32	427	420	3	1413985442.0	1	010001001:1	
32	493	446	3	1413986657.0	1	010001001:1	
32	389	363	3	1413984502.0	1	010001001:1	
32	395	389	3	1413984857.0	1	010001001:1	
32	418	400	3	1413985297.0	1	010001001:1	
32	437	430	3	1413985675.0	1	010001001:1	
32	413	397	3	1413985264.0	1	010001001:1	
32	422	397	3	1413985339.0	1	010001001:1	
32	443	438	3	1413985765.0	1	010001001:1	
32	453	439	3	1413985907.0	1	010001001:1	
32	436	430	1	1413985657.0	1	010001001:1	
32	414	389	3	1413985273.0	1	010001001:1	
32	447	395	3	1413985846.0	1	010001001:1	
32	476	456	1	1413986407.0	1	010001001:1	
32	442	425	1	1413985728.0	1	010001001:1	
32	456	445	2	1413985958.0	1	010001001:1	
32	397	389	3	1413984928.0	1	010001001:1	
32	458	450	1	1413985998.0	1	010001001:1	
32	454	439	3	1413985915.0	1	010001001:1	
32	429	427	3	1413985518.0	1	010001001:1	
32	425	414	3	1413985406.0	1	010001001:1	
32	605	499	1	1413994953.0	1	010001001:1	
32	420	395	3	1413985309.0	1	010001001:1	
32	461	455	1	1413986030.0	1	010001001:1	
32	430	427	3	1413985556.0	1	010001001:1	
32	440	430	3	1413985708.0	1	010001001:1	
32	434	429	1	1413985611.0	1	010001001:1	
32	363	363	0	1413983771.0	1	010001001:1	
49	691	644	3	1414000838.0	1	010001001:1	
49	654	644	3	1413998483.0	1	010001001:1	
49	663	644	3	1413999290.0	1	010001001:1	
49	678	644	3	1413999993.0	1	010001001:1	
49	677	644	3	1413999987.0	1	010001001:1	
49	652	644	3	1413998451.0	1	010001001:1	
49	668	644	3	1413999532.0	1	010001001:1	
49	662	644	3	1413999278.0	1	010001001:1	
49	644	644	0	1413998155.0	1	010001001:1	
52	693	676	3	1414001356.0	1	010001001:1	
52	681	676	0	1414000149.0	1	010001001:1	
52	687	676	3	1414000536.0	1	010001001:1	
52	684	683	2	1414000365.0	1	010001001:1	
52	704	703	3	1414003825.0	1	010001001:1	
52	688	684	1	1414000648.0	1	010001001:1	
52	694	676	3	1414001739.0	1	010001001:1	
52	740	676	3	1414007099.0	1	010001001:1	
52	695	676	0	1414001799.0	1	010001001:1	
52	683	676	2	1414000340.0	1	010001001:1	
52	680	676	0	1414000120.0	1	010001001:1	
52	686	681	1	1414000534.0	1	010001001:1	
52	679	676	3	1414000118.0	1	010001001:1	
52	703	676	3	1414003798.0	1	010001001:1	
52	696	695	2	1414001848.0	1	010001001:1	
52	676	676	0	1413999966.0	1	010001001:1	
15	149	131	3	1413977209.0	1	010001001:1	
15	137	131	0	1413976958.0	1	010001001:1	
15	133	131	3	1413976906.0	1	010001001:1	
15	138	131	3	1413977017.0	1	010001001:1	
15	130	123	3	1413976831.0	1	010001001:1	
15	166	158	3	1413977445.0	1	010001001:1	
15	144	138	3	1413977186.0	1	010001001:1	
15	152	144	3	1413977263.0	1	010001001:1	
15	158	152	3	1413977335.0	1	010001001:1	
15	135	123	3	1413976933.0	1	010001001:1	
15	134	123	3	1413976921.0	1	010001001:1	
15	131	127	2	1413976855.0	1	010001001:1	
15	127	123	3	1413976800.0	1	010001001:1	
15	167	161	3	1413977481.0	1	010001001:1	
15	170	167	3	1413977549.0	1	010001001:1	
15	161	158	0	1413977371.0	1	010001001:1	
15	123	123	0	1413976747.0	1	010001001:1	
38	488	471	3	1413986590.0	1	010001001:1	
38	478	473	3	1413986418.0	1	010001001:1	
38	501	500	3	1413986872.0	1	010001001:1	
38	495	491	3	1413986699.0	1	010001001:1	
38	475	471	0	1413986384.0	1	010001001:1	
38	487	471	3	1413986570.0	1	010001001:1	
38	500	498	3	1413986829.0	1	010001001:1	
38	498	496	3	1413986793.0	1	010001001:1	
38	486	471	3	1413986564.0	1	010001001:1	
38	485	471	0	1413986541.0	1	010001001:1	
38	496	495	3	1413986743.0	1	010001001:1	
38	473	471	3	1413986373.0	1	010001001:1	
38	482	471	3	1413986473.0	1	010001001:1	
38	483	471	3	1413986476.0	1	010001001:1	
38	484	471	3	1413986507.0	1	010001001:1	
38	497	471	3	1413986770.0	1	010001001:1	
38	504	488	3	1413987034.0	1	010001001:1	
38	503	501	3	1413986975.0	1	010001001:1	
38	491	478	3	1413986645.0	1	010001001:1	
38	481	471	3	1413986463.0	1	010001001:1	
38	471	471	0	1413986336.0	1	010001001:1	
48	641	634	3	1413997969.0	1	010001001:1	
48	670	634	3	1413999611.0	1	010001001:1	
48	643	634	3	1413998013.0	1	010001001:1	
48	658	634	0	1413998907.0	1	010001001:1	
48	646	634	3	1413998252.0	1	010001001:1	
48	675	634	3	1413999950.0	1	010001001:1	
48	699	634	3	1414003158.0	1	010001001:1	
48	705	634	3	1414003881.0	1	010001001:1	
48	648	634	3	1413998264.0	1	010001001:1	
48	636	634	3	1413997702.0	1	010001001:1	
48	634	634	0	1413997618.0	1	010001001:1	
6	558	90	3	1413990630.0	1	010001001:1	
6	606	586	3	1413995334.0	1	010001001:1	
6	698	90	3	1414002834.0	1	010001001:1	
6	83	49	3	1413975609.0	1	010001001:1	
6	47	25	0	1413974628.0	1	010001001:1	
6	31	25	3	1413974511.0	1	010001001:1	
6	700	698	3	1414003215.0	1	010001001:1	
6	50	25	3	1413974664.0	1	010001001:1	
6	90	49	1	1413975672.0	1	010001001:1	
6	49	25	3	1413974663.0	1	010001001:1	
6	706	700	0	1414003889.0	1	010001001:1	
6	101	25	3	1413976084.0	1	010001001:1	
6	59	25	0	1413974964.0	1	010001001:1	
6	33	25	3	1413974516.0	1	010001001:1	
6	36	25	3	1413974556.0	1	010001001:1	
6	702	698	3	1414003518.0	1	010001001:1	
6	66	25	3	1413975067.0	1	010001001:1	
6	586	83	3	1413993265.0	1	010001001:1	
6	25	25	0	1413974421.0	1	010001001:1	
41	711	531	3	1414005652.0	1	010001001:1	
41	534	522	3	1413989291.0	1	010001001:1	
41	526	521	1	1413988505.0	1	010001001:1	
41	531	529	1	1413988743.0	1	010001001:1	
41	529	521	2	1413988681.0	1	010001001:1	
41	527	521	0	1413988570.0	1	010001001:1	
41	524	521	3	1413988422.0	1	010001001:1	
41	528	521	3	1413988580.0	1	010001001:1	
41	523	521	3	1413988314.0	1	010001001:1	
41	522	521	3	1413988246.0	1	010001001:1	
41	525	521	3	1413988503.0	1	010001001:1	
41	535	534	1	1413989319.0	1	010001001:1	
41	521	521	0	1413988214.0	1	010001001:1	
57	776	775	3	1414202556.0	1	010001001:1	
57	775	748	0	1414191101.0	1	010001001:1	
57	751	748	3	1414008990.0	1	010001001:1	
57	748	748	0	1414008559.0	1	010001001:1	
8	157	34	2	1413977335.0	1	010001001:1	
8	48	34	3	1413974646.0	1	010001001:1	
8	70	34	0	1413975336.0	1	010001001:1	
8	51	34	3	1413974664.0	1	010001001:1	
8	221	34	3	1413979282.0	1	010001001:1	
8	39	34	3	1413974567.0	1	010001001:1	
8	34	34	0	1413974541.0	1	010001001:1	
5	126	16	3	1413976794.0	1	010001001:1	
5	182	16	3	1413978042.0	1	010001001:1	
5	32	16	3	1413974516.0	1	010001001:1	
5	112	16	3	1413976296.0	1	010001001:1	
5	77	16	3	1413975427.0	1	010001001:1	
5	132	16	3	1413976855.0	1	010001001:1	
5	24	16	0	1413974420.0	1	010001001:1	
5	64	16	3	1413975041.0	1	010001001:1	
5	56	16	3	1413974832.0	1	010001001:1	
5	37	16	3	1413974557.0	1	010001001:1	
5	155	16	3	1413977303.0	1	010001001:1	
5	116	16	3	1413976436.0	1	010001001:1	
5	26	16	3	1413974427.0	1	010001001:1	
5	183	16	3	1413978090.0	1	010001001:1	
5	60	16	3	1413974980.0	1	010001001:1	
5	42	16	3	1413974575.0	1	010001001:1	
5	92	16	3	1413975712.0	1	010001001:1	
5	16	16	0	1413974298.0	1	010001001:1	
21	214	202	3	1413978939.0	1	010001001:1	
21	207	202	3	1413978728.0	1	010001001:1	
21	218	202	3	1413979055.0	1	010001001:1	
21	215	202	3	1413978941.0	1	010001001:1	
21	206	202	3	1413978702.0	1	010001001:1	
21	202	202	1	1413978655.0	1	010001001:1	
50	673	645	3	1413999764.0	1	010001001:1	
50	653	645	3	1413998459.0	1	010001001:1	
50	647	645	3	1413998261.0	1	010001001:1	
50	661	645	3	1413999211.0	1	010001001:1	
50	650	645	3	1413998374.0	1	010001001:1	
50	649	645	3	1413998344.0	1	010001001:1	
50	669	645	0	1413999534.0	1	010001001:1	
50	655	645	0	1413998606.0	1	010001001:1	
50	692	645	0	1414001102.0	1	010001001:1	
50	656	645	3	1413998715.0	1	010001001:1	
50	645	645	0	1413998199.0	1	010001001:1	
54	756	713	3	1414011304.0	1	010001001:1	
54	715	710	0	1414005854.0	1	010001001:1	
54	721	710	1	1414006273.0	1	010001001:1	
54	717	710	3	1414005867.0	1	010001001:1	
54	728	710	3	1414006797.0	1	010001001:1	
54	724	710	3	1414006636.0	1	010001001:1	
54	757	715	3	1414011380.0	1	010001001:1	
54	753	710	0	1414009349.0	1	010001001:1	
54	764	756	3	1414058525.0	1	010001001:1	
54	719	710	3	1414006060.0	1	010001001:1	
54	746	710	3	1414008074.0	1	010001001:1	
54	714	710	1	1414005744.0	1	010001001:1	
54	754	752	0	1414009391.0	1	010001001:1	
54	737	710	3	1414006990.0	1	010001001:1	
54	716	710	3	1414005857.0	1	010001001:1	
54	752	710	3	1414009280.0	1	010001001:1	
54	747	710	3	1414008508.0	1	010001001:1	
54	749	710	3	1414008923.0	1	010001001:1	
54	712	710	0	1414005737.0	1	010001001:1	
54	718	710	3	1414006046.0	1	010001001:1	
54	713	710	3	1414005742.0	1	010001001:1	
54	710	710	0	1414005617.0	1	010001001:1	
16	249	247	3	1413980275.0	1	010001001:1	
16	145	140	3	1413977197.0	1	010001001:1	
16	186	177	3	1413978190.0	1	010001001:1	
16	247	162	3	1413980094.0	1	010001001:1	
16	162	154	3	1413977405.0	1	010001001:1	
16	156	140	3	1413977315.0	1	010001001:1	
16	146	140	3	1413977197.0	1	010001001:1	
16	147	140	3	1413977199.0	1	010001001:1	
16	250	249	0	1413980305.0	1	010001001:1	
16	175	153	0	1413977726.0	1	010001001:1	
16	143	140	3	1413977183.0	1	010001001:1	
16	159	140	3	1413977338.0	1	010001001:1	
16	154	140	3	1413977283.0	1	010001001:1	
16	177	159	3	1413977840.0	1	010001001:1	
16	148	140	0	1413977204.0	1	010001001:1	
16	142	140	0	1413977174.0	1	010001001:1	
16	151	140	3	1413977260.0	1	010001001:1	
16	153	140	3	1413977280.0	1	010001001:1	
16	140	140	0	1413977077.0	1	010001001:1	
25	337	254	3	1413982981.0	1	010001001:1	
25	502	477	0	1413986956.0	1	010001001:1	
25	276	231	3	1413981315.0	1	010001001:1	
25	462	444	3	1413986067.0	1	010001001:1	
25	242	231	2	1413980007.0	1	010001001:1	
25	254	245	0	1413980562.0	1	010001001:1	
25	465	444	3	1413986145.0	1	010001001:1	
25	244	231	3	1413980044.0	1	010001001:1	
25	444	235	2	1413985777.0	1	010001001:1	
25	457	444	3	1413985960.0	1	010001001:1	
25	477	468	3	1413986409.0	1	010001001:1	
25	245	231	1	1413980064.0	1	010001001:1	
25	346	337	3	1413983138.0	1	010001001:1	
25	468	457	3	1413986174.0	1	010001001:1	
25	239	231	3	1413979956.0	1	010001001:1	
25	241	231	3	1413980005.0	1	010001001:1	
25	235	231	3	1413979836.0	1	010001001:1	
25	231	231	0	1413979699.0	1	010001001:1	
0	163	129	3	1413977428.0	1	010001001:1	
0	204	188	3	1413978671.0	1	010001001:1	
0	169	164	3	1413977529.0	1	010001001:1	
0	1	0	1	1413973795.0	1	010001001:1	
0	573	169	3	1413991359.0	1	010001001:1	
0	240	122	2	1413979984.0	1	010001001:1	
0	607	129	3	1413995502.0	1	010001001:1	
0	171	164	3	1413977562.0	1	010001001:1	
0	574	573	3	1413991390.0	1	010001001:1	
0	583	578	3	1413992998.0	1	010001001:1	
0	181	122	3	1413978017.0	1	010001001:1	
0	616	607	3	1413997015.0	1	010001001:1	
0	612	611	1	1413996650.0	1	010001001:1	
0	611	610	1	1413996208.0	1	010001001:1	
0	209	208	3	1413978765.0	1	010001001:1	
0	164	129	1	1413977433.0	1	010001001:1	
0	55	0	3	1413974821.0	1	010001001:1	
0	122	75	3	1413976707.0	1	010001001:1	
0	638	612	3	1413997804.0	1	010001001:1	
0	188	0	2	1413978229.0	1	010001001:1	
0	124	0	2	1413976752.0	1	010001001:1	
0	584	583	3	1413993005.0	1	010001001:1	
0	577	576	2	1413991902.0	1	010001001:1	
0	128	124	3	1413976817.0	1	010001001:1	
0	610	607	3	1413996036.0	1	010001001:1	
0	205	204	2	1413978702.0	1	010001001:1	
0	208	205	3	1413978740.0	1	010001001:1	
0	578	577	3	1413992194.0	1	010001001:1	
0	576	575	3	1413991865.0	1	010001001:1	
0	362	171	0	1413983710.0	1	010001001:1	
0	75	0	2	1413975406.0	1	010001001:1	
0	2	0	3	1413973873.0	1	010001001:1	
0	129	0	3	1413976830.0	1	010001001:1	
0	580	577	1	1413992303.0	1	010001001:1	
0	575	574	1	1413991709.0	1	010001001:1	
0	8	0	3	1413974125.0	1	010001001:1	
0	0	0	0	1413973705.0	1	010001001:1	
46	595	591	1	1413994222.0	1	010001001:1	
46	598	595	3	1413994331.0	1	010001001:1	
46	588	582	1	1413993740.0	1	010001001:1	
46	592	582	1	1413994021.0	1	010001001:1	
46	602	599	3	1413994482.0	1	010001001:1	
46	604	602	3	1413994519.0	1	010001001:1	
46	593	582	3	1413994078.0	1	010001001:1	
46	600	582	3	1413994370.0	1	010001001:1	
46	591	589	3	1413993961.0	1	010001001:1	
46	601	594	3	1413994411.0	1	010001001:1	
46	599	595	3	1413994334.0	1	010001001:1	
46	594	582	1	1413994105.0	1	010001001:1	
46	603	594	3	1413994507.0	1	010001001:1	
46	590	582	0	1413993863.0	1	010001001:1	
46	597	582	3	1413994322.0	1	010001001:1	
46	589	582	3	1413993862.0	1	010001001:1	
46	582	582	0	1413992955.0	1	010001001:1	
1	4	3	3	1413973910.0	1	010001001:1	
1	88	3	3	1413975648.0	1	010001001:1	
1	41	3	3	1413974574.0	1	010001001:1	
1	73	3	3	1413975380.0	1	010001001:1	
1	160	3	3	1413977353.0	1	010001001:1	
1	23	3	3	1413974399.0	1	010001001:1	
1	199	3	3	1413978580.0	1	010001001:1	
1	35	3	3	1413974542.0	1	010001001:1	
1	121	3	3	1413976600.0	1	010001001:1	
1	58	45	3	1413974940.0	1	010001001:1	
1	45	3	3	1413974610.0	1	010001001:1	
1	62	3	2	1413975025.0	1	010001001:1	
1	3	3	0	1413973880.0	1	010001001:1	
42	552	538	1	1413990389.0	1	010001001:1	
42	585	538	2	1413993041.0	1	010001001:1	
42	542	538	1	1413989926.0	1	010001001:1	
42	540	538	0	1413989878.0	1	010001001:1	
42	538	538	1	1413989783.0	1	010001001:1	
7	89	28	0	1413975664.0	1	010001001:1	
7	168	28	0	1413977508.0	1	010001001:1	
7	114	28	3	1413976329.0	1	010001001:1	
7	80	28	0	1413975581.0	1	010001001:1	
7	28	28	0	1413974482.0	1	010001001:1	
44	565	559	3	1413990968.0	1	010001001:1	
44	635	557	3	1413997620.0	1	010001001:1	
44	671	557	2	1413999701.0	1	010001001:1	
44	559	557	3	1413990647.0	1	010001001:1	
44	562	559	0	1413990785.0	1	010001001:1	
44	563	557	3	1413990874.0	1	010001001:1	
44	557	557	0	1413990586.0	1	010001001:1	
55	750	720	0	1414008935.0	1	010001001:1	
55	743	720	0	1414007629.0	1	010001001:1	
55	762	720	2	1414019188.0	1	010001001:1	
55	760	720	3	1414012100.0	1	010001001:1	
55	720	720	0	1414006189.0	1	010001001:1	
20	210	194	3	1413978796.0	1	010001001:1	
20	200	194	3	1413978636.0	1	010001001:1	
20	198	194	3	1413978576.0	1	010001001:1	
20	194	194	0	1413978412.0	1	010001001:1	
29	286	281	3	1413981800.0	1	010001001:1	
29	303	293	3	1413982372.0	1	010001001:1	
29	299	281	1	1413982054.0	1	010001001:1	
29	320	281	3	1413982633.0	1	010001001:1	
29	479	384	3	1413986445.0	1	010001001:1	
29	343	333	3	1413983077.0	1	010001001:1	
29	291	281	1	1413981863.0	1	010001001:1	
29	297	281	3	1413981992.0	1	010001001:1	
29	319	281	3	1413982632.0	1	010001001:1	
29	384	374	3	1413984346.0	1	010001001:1	
29	374	372	3	1413984091.0	1	010001001:1	
29	293	281	3	1413981911.0	1	010001001:1	
29	298	281	3	1413982004.0	1	010001001:1	
29	359	356	3	1413983606.0	1	010001001:1	
29	372	364	3	1413984020.0	1	010001001:1	
29	317	299	3	1413982619.0	1	010001001:1	
29	306	281	0	1413982470.0	1	010001001:1	
29	300	281	1	1413982141.0	1	010001001:1	
29	354	339	3	1413983303.0	1	010001001:1	
29	289	281	0	1413981811.0	1	010001001:1	
29	506	479	3	1413987277.0	1	010001001:1	
29	356	343	3	1413983445.0	1	010001001:1	
29	326	303	3	1413982693.0	1	010001001:1	
29	339	323	3	1413983021.0	1	010001001:1	
29	364	359	3	1413983787.0	1	010001001:1	
29	323	317	3	1413982664.0	1	010001001:1	
29	283	281	1	1413981759.0	1	010001001:1	
29	292	281	0	1413981908.0	1	010001001:1	
29	294	281	3	1413981950.0	1	010001001:1	
29	288	281	0	1413981810.0	1	010001001:1	
29	296	281	1	1413981976.0	1	010001001:1	
29	333	326	3	1413982897.0	1	010001001:1	
29	366	359	3	1413983853.0	1	010001001:1	
29	281	281	0	1413981669.0	1	010001001:1	
14	402	302	0	1413985009.0	1	010001001:1	
14	305	302	3	1413982397.0	1	010001001:1	
14	139	119	1	1413977024.0	1	010001001:1	
14	191	178	1	1413978276.0	1	010001001:1	
14	302	295	3	1413982249.0	1	010001001:1	
14	110	103	1	1413976270.0	1	010001001:1	
14	106	103	0	1413976190.0	1	010001001:1	
14	572	569	0	1413991348.0	1	010001001:1	
14	179	174	3	1413977911.0	1	010001001:1	
14	556	544	0	1413990585.0	1	010001001:1	
14	216	197	1	1413979034.0	1	010001001:1	
14	109	103	3	1413976257.0	1	010001001:1	
14	174	105	3	1413977725.0	1	010001001:1	
14	220	213	1	1413979259.0	1	010001001:1	
14	345	220	0	1413983127.0	1	010001001:1	
14	108	103	3	1413976246.0	1	010001001:1	
14	105	103	3	1413976179.0	1	010001001:1	
14	119	115	0	1413976578.0	1	010001001:1	
14	771	353	3	1414116770.0	1	010001001:1	
14	115	103	1	1413976393.0	1	010001001:1	
14	107	103	1	1413976220.0	1	010001001:1	
14	569	561	3	1413991178.0	1	010001001:1	
14	125	103	3	1413976791.0	1	010001001:1	
14	309	302	3	1413982528.0	1	010001001:1	
14	544	345	3	1413989979.0	1	010001001:1	
14	172	103	0	1413977610.0	1	010001001:1	
14	353	345	0	1413983296.0	1	010001001:1	
14	327	309	1	1413982774.0	1	010001001:1	
14	295	213	3	1413981965.0	1	010001001:1	
14	223	216	3	1413979410.0	1	010001001:1	
14	213	191	3	1413978934.0	1	010001001:1	
14	178	139	0	1413977876.0	1	010001001:1	
14	197	191	0	1413978540.0	1	010001001:1	
14	561	556	2	1413990709.0	1	010001001:1	
14	301	295	0	1413982150.0	1	010001001:1	
14	103	103	0	1413976139.0	1	010001001:1	
31	352	344	2	1413983248.0	1	010001001:1	
31	392	344	0	1413984600.0	1	010001001:1	
31	355	344	3	1413983367.0	1	010001001:1	
31	469	344	3	1413986194.0	1	010001001:1	
31	361	344	3	1413983698.0	1	010001001:1	
31	344	344	0	1413983102.0	1	010001001:1	
13	185	98	3	1413978154.0	1	010001001:1	
13	111	98	2	1413976289.0	1	010001001:1	
13	98	98	0	1413975929.0	1	010001001:1	
40	514	508	3	1413987876.0	1	010001001:1	
40	515	508	3	1413987943.0	1	010001001:1	
40	772	508	3	1414121200.0	1	010001001:1	
40	516	508	3	1413988000.0	1	010001001:1	
40	511	508	2	1413987814.0	1	010001001:1	
40	773	508	3	1414124223.0	1	010001001:1	
40	509	508	3	1413987784.0	1	010001001:1	
40	508	508	0	1413987702.0	1	010001001:1	
10	399	396	3	1413984960.0	1	010001001:1	
10	385	381	1	1413984420.0	1	010001001:1	
10	192	91	3	1413978292.0	1	010001001:1	
10	390	383	2	1413984518.0	1	010001001:1	
10	412	399	3	1413985250.0	1	010001001:1	
10	368	365	3	1413983910.0	1	010001001:1	
10	378	371	3	1413984232.0	1	010001001:1	
10	377	373	3	1413984180.0	1	010001001:1	
10	176	54	3	1413977765.0	1	010001001:1	
10	57	54	3	1413974921.0	1	010001001:1	
10	226	192	0	1413979496.0	1	010001001:1	
10	381	378	3	1413984292.0	1	010001001:1	
10	95	54	3	1413975900.0	1	010001001:1	
10	391	390	3	1413984582.0	1	010001001:1	
10	165	54	3	1413977436.0	1	010001001:1	
10	252	196	0	1413980417.0	1	010001001:1	
10	369	365	3	1413983914.0	1	010001001:1	
10	141	54	3	1413977097.0	1	010001001:1	
10	63	54	3	1413975040.0	1	010001001:1	
10	193	190	3	1413978335.0	1	010001001:1	
10	365	196	3	1413983817.0	1	010001001:1	
10	71	54	0	1413975357.0	1	010001001:1	
10	120	54	3	1413976588.0	1	010001001:1	
10	118	54	0	1413976496.0	1	010001001:1	
10	383	378	1	1413984295.0	1	010001001:1	
10	196	195	3	1413978501.0	1	010001001:1	
10	409	404	3	1413985140.0	1	010001001:1	
10	404	396	2	1413985043.0	1	010001001:1	
10	371	369	0	1413983979.0	1	010001001:1	
10	190	118	1	1413978275.0	1	010001001:1	
10	136	54	0	1413976948.0	1	010001001:1	
10	236	226	3	1413979861.0	1	010001001:1	
10	91	54	1	1413975685.0	1	010001001:1	
10	373	368	3	1413984053.0	1	010001001:1	
10	195	190	3	1413978417.0	1	010001001:1	
10	396	391	0	1413984889.0	1	010001001:1	
10	173	54	0	1413977705.0	1	010001001:1	
10	376	373	1	1413984154.0	1	010001001:1	
10	67	54	0	1413975081.0	1	010001001:1	
10	421	399	3	1413985327.0	1	010001001:1	
10	54	54	0	1413974791.0	1	010001001:1	
18	415	180	3	1413985274.0	1	010001001:1	
18	761	180	3	1414016065.0	1	010001001:1	
18	375	180	0	1413984094.0	1	010001001:1	
18	203	180	0	1413978661.0	1	010001001:1	
18	201	180	0	1413978646.0	1	010001001:1	
18	187	180	0	1413978220.0	1	010001001:1	
18	180	180	0	1413977980.0	1	010001001:1	
35	424	393	3	1413985364.0	1	010001001:1	
35	474	393	3	1413986381.0	1	010001001:1	
35	435	393	3	1413985653.0	1	010001001:1	
35	417	393	3	1413985277.0	1	010001001:1	
35	411	393	3	1413985230.0	1	010001001:1	
35	536	393	3	1413989626.0	1	010001001:1	
35	480	393	3	1413986462.0	1	010001001:1	
35	489	393	3	1413986596.0	1	010001001:1	
35	541	393	3	1413989886.0	1	010001001:1	
35	519	393	3	1413988147.0	1	010001001:1	
35	472	393	3	1413986344.0	1	010001001:1	
35	419	393	3	1413985298.0	1	010001001:1	
35	505	393	3	1413987227.0	1	010001001:1	
35	405	393	3	1413985063.0	1	010001001:1	
35	533	393	3	1413989018.0	1	010001001:1	
35	408	393	3	1413985081.0	1	010001001:1	
35	532	393	3	1413988909.0	1	010001001:1	
35	393	393	0	1413984785.0	1	010001001:1	
39	581	507	2	1413992430.0	1	010001001:1	
39	517	507	3	1413988084.0	1	010001001:1	
39	510	507	3	1413987805.0	1	010001001:1	
39	543	507	3	1413989970.0	1	010001001:1	
39	513	507	3	1413987875.0	1	010001001:1	
39	520	507	3	1413988177.0	1	010001001:1	
39	545	507	3	1413990096.0	1	010001001:1	
39	518	507	2	1413988110.0	1	010001001:1	
39	697	507	3	1414002581.0	1	010001001:1	
39	507	507	0	1413987537.0	1	010001001:1	
45	765	689	3	1414063443.0	1	010001001:1	
45	596	568	1	1413994265.0	1	010001001:1	
45	701	568	0	1414003406.0	1	010001001:1	
45	689	568	3	1414000784.0	1	010001001:1	
45	579	568	0	1413992239.0	1	010001001:1	
45	609	568	3	1413995894.0	1	010001001:1	
45	568	568	0	1413991120.0	1	010001001:1	
3	763	12	3	1414053289.0	1	010001001:1	
3	43	29	1	1413974579.0	1	010001001:1	
3	53	43	3	1413974734.0	1	010001001:1	
3	11	9	3	1413974215.0	1	010001001:1	
3	14	9	3	1413974284.0	1	010001001:1	
3	20	14	1	1413974363.0	1	010001001:1	
3	29	20	1	1413974497.0	1	010001001:1	
3	12	9	3	1413974252.0	1	010001001:1	
3	9	9	0	1413974156.0	1	010001001:1	
28	672	613	3	1413999721.0	1	010001001:1	
28	277	263	3	1413981324.0	1	010001001:1	
28	273	263	3	1413981247.0	1	010001001:1	
28	335	263	0	1413982923.0	1	010001001:1	
28	304	263	0	1413982391.0	1	010001001:1	
28	282	263	0	1413981686.0	1	010001001:1	
28	613	270	3	1413996749.0	1	010001001:1	
28	321	311	3	1413982649.0	1	010001001:1	
28	274	263	1	1413981249.0	1	010001001:1	
28	265	263	0	1413980971.0	1	010001001:1	
28	270	263	3	1413981179.0	1	010001001:1	
28	279	263	0	1413981395.0	1	010001001:1	
28	340	263	3	1413983031.0	1	010001001:1	
28	667	613	3	1413999457.0	1	010001001:1	
28	272	263	0	1413981235.0	1	010001001:1	
28	278	270	3	1413981370.0	1	010001001:1	
28	311	263	3	1413982575.0	1	010001001:1	
28	275	263	3	1413981271.0	1	010001001:1	
28	682	613	3	1414000259.0	1	010001001:1	
28	263	263	0	1413980895.0	1	010001001:1	
