39	630	566	0	1418604529.0	1	010001001:1	
39	613	566	3	1418603817.0	1	010001001:1	
39	605	584	3	1418603555.0	1	010001001:1	
39	616	566	3	1418603891.0	1	010001001:1	
39	712	566	3	1418609267.0	1	010001001:1	
39	647	566	3	1418604970.0	1	010001001:1	
39	586	566	2	1418602495.0	1	010001001:1	
39	731	726	3	1418610657.0	1	010001001:1	
39	724	566	3	1418610316.0	1	010001001:1	
39	727	566	3	1418610440.0	1	010001001:1	
39	584	566	3	1418602365.0	1	010001001:1	
39	734	731	3	1418610807.0	1	010001001:1	
39	897	724	3	1418637112.0	1	010001001:1	
39	572	566	3	1418601857.0	1	010001001:1	
39	617	566	3	1418603919.0	1	010001001:1	
39	669	647	3	1418605577.0	1	010001001:1	
39	728	566	3	1418610445.0	1	010001001:1	
39	593	566	3	1418602785.0	1	010001001:1	
39	726	669	3	1418610379.0	1	010001001:1	
39	566	566	0	1418601657.0	1	010001001:1	
70	1045	1024	0	1418646377.0	1	010001001:1	
70	1055	1024	3	1418647456.0	1	010001001:1	
70	1037	1035	3	1418646225.0	1	010001001:1	
70	1041	1024	0	1418646284.0	1	010001001:1	
70	1029	1024	3	1418646151.0	1	010001001:1	
70	1033	1024	3	1418646177.0	1	010001001:1	
70	1030	1024	3	1418646159.0	1	010001001:1	
70	1027	1024	3	1418646149.0	1	010001001:1	
70	1028	1024	3	1418646150.0	1	010001001:1	
70	1031	1024	1	1418646162.0	1	010001001:1	
70	1036	1024	3	1418646202.0	1	010001001:1	
70	1035	1024	3	1418646192.0	1	010001001:1	
70	1034	1024	3	1418646180.0	1	010001001:1	
70	1032	1024	2	1418646165.0	1	010001001:1	
70	1040	1037	3	1418646262.0	1	010001001:1	
70	1083	1024	3	1418665606.0	1	010001001:1	
70	1025	1024	3	1418646148.0	1	010001001:1	
70	1043	1035	3	1418646355.0	1	010001001:1	
70	1024	1024	0	1418646124.0	1	010001001:1	
9	76	73	1	1418588525.0	1	010001001:1	
9	80	73	3	1418588620.0	1	010001001:1	
9	75	73	2	1418588500.0	1	010001001:1	
9	98	73	1	1418588845.0	1	010001001:1	
9	94	73	3	1418588818.0	1	010001001:1	
9	83	73	1	1418588660.0	1	010001001:1	
9	93	73	0	1418588817.0	1	010001001:1	
9	90	73	0	1418588774.0	1	010001001:1	
9	77	73	0	1418588565.0	1	010001001:1	
9	73	73	0	1418588442.0	1	010001001:1	
28	389	357	3	1418595932.0	1	010001001:1	
28	408	357	3	1418596455.0	1	010001001:1	
28	450	357	3	1418597753.0	1	010001001:1	
28	357	357	0	1418594977.0	1	010001001:1	
52	834	809	3	1418621179.0	1	010001001:1	
52	847	834	3	1418626669.0	1	010001001:1	
52	813	809	3	1418617950.0	1	010001001:1	
52	827	815	3	1418619181.0	1	010001001:1	
52	806	804	3	1418617657.0	1	010001001:1	
52	822	809	3	1418618695.0	1	010001001:1	
52	814	809	3	1418618010.0	1	010001001:1	
52	1075	1074	3	1418655368.0	1	010001001:1	
52	840	834	3	1418622190.0	1	010001001:1	
52	843	834	3	1418622683.0	1	010001001:1	
52	812	804	3	1418617950.0	1	010001001:1	
52	836	809	3	1418621498.0	1	010001001:1	
52	820	809	3	1418618378.0	1	010001001:1	
52	807	804	3	1418617675.0	1	010001001:1	
52	1084	1078	3	1418666871.0	1	010001001:1	
52	1077	1075	2	1418656352.0	1	010001001:1	
52	821	809	3	1418618630.0	1	010001001:1	
52	824	820	3	1418618873.0	1	010001001:1	
52	1074	865	1	1418654936.0	1	010001001:1	
52	809	804	3	1418617874.0	1	010001001:1	
52	865	840	2	1418633074.0	1	010001001:1	
52	819	809	3	1418618246.0	1	010001001:1	
52	829	809	2	1418619506.0	1	010001001:1	
52	815	809	3	1418618095.0	1	010001001:1	
52	825	809	3	1418619037.0	1	010001001:1	
52	835	809	3	1418621399.0	1	010001001:1	
52	1078	1077	3	1418656513.0	1	010001001:1	
52	826	820	3	1418619128.0	1	010001001:1	
52	838	819	3	1418622015.0	1	010001001:1	
52	1079	1077	3	1418656597.0	1	010001001:1	
52	804	804	0	1418617431.0	1	010001001:1	
50	801	776	3	1418617024.0	1	010001001:1	
50	781	776	3	1418615435.0	1	010001001:1	
50	799	776	2	1418616474.0	1	010001001:1	
50	777	776	3	1418615381.0	1	010001001:1	
50	1088	785	3	1418697403.0	1	010001001:1	
50	789	787	3	1418616041.0	1	010001001:1	
50	808	781	3	1418617694.0	1	010001001:1	
50	853	849	3	1418629899.0	1	010001001:1	
50	793	776	0	1418616289.0	1	010001001:1	
50	785	776	0	1418615654.0	1	010001001:1	
50	778	776	3	1418615394.0	1	010001001:1	
50	791	776	3	1418616113.0	1	010001001:1	
50	849	782	3	1418628721.0	1	010001001:1	
50	790	776	3	1418616090.0	1	010001001:1	
50	816	776	3	1418618105.0	1	010001001:1	
50	779	776	3	1418615412.0	1	010001001:1	
50	798	776	3	1418616471.0	1	010001001:1	
50	783	778	3	1418615523.0	1	010001001:1	
50	805	776	3	1418617602.0	1	010001001:1	
50	787	776	3	1418615889.0	1	010001001:1	
50	782	778	3	1418615436.0	1	010001001:1	
50	776	776	0	1418615345.0	1	010001001:1	
47	762	756	3	1418613789.0	1	010001001:1	
47	796	744	3	1418616399.0	1	010001001:1	
47	768	762	3	1418613928.0	1	010001001:1	
47	759	743	3	1418613639.0	1	010001001:1	
47	761	759	3	1418613688.0	1	010001001:1	
47	770	768	0	1418614063.0	1	010001001:1	
47	771	770	3	1418614088.0	1	010001001:1	
47	760	743	3	1418613670.0	1	010001001:1	
47	763	759	3	1418613798.0	1	010001001:1	
47	800	743	3	1418616879.0	1	010001001:1	
47	745	743	3	1418613015.0	1	010001001:1	
47	747	743	3	1418613082.0	1	010001001:1	
47	774	743	3	1418615106.0	1	010001001:1	
47	797	751	3	1418616464.0	1	010001001:1	
47	756	743	3	1418613445.0	1	010001001:1	
47	784	743	3	1418615575.0	1	010001001:1	
47	744	743	3	1418613002.0	1	010001001:1	
47	765	743	3	1418613888.0	1	010001001:1	
47	751	743	3	1418613245.0	1	010001001:1	
47	743	743	0	1418612857.0	1	010001001:1	
62	945	942	3	1418644433.0	1	010001001:1	
62	978	942	3	1418644954.0	1	010001001:1	
62	1081	942	3	1418660651.0	1	010001001:1	
62	958	942	3	1418644665.0	1	010001001:1	
62	948	942	3	1418644440.0	1	010001001:1	
62	987	942	3	1418645142.0	1	010001001:1	
62	957	942	3	1418644662.0	1	010001001:1	
62	952	942	3	1418644519.0	1	010001001:1	
62	1065	956	3	1418649750.0	1	010001001:1	
62	944	942	3	1418644428.0	1	010001001:1	
62	960	942	2	1418644716.0	1	010001001:1	
62	1056	942	3	1418647816.0	1	010001001:1	
62	971	942	2	1418644828.0	1	010001001:1	
62	956	945	2	1418644661.0	1	010001001:1	
62	942	942	0	1418644369.0	1	010001001:1	
48	750	746	0	1418613219.0	1	010001001:1	
48	749	746	3	1418613179.0	1	010001001:1	
48	754	746	3	1418613327.0	1	010001001:1	
48	766	746	0	1418613892.0	1	010001001:1	
48	748	746	0	1418613115.0	1	010001001:1	
48	753	746	3	1418613319.0	1	010001001:1	
48	752	746	3	1418613284.0	1	010001001:1	
48	772	746	0	1418614138.0	1	010001001:1	
48	767	746	3	1418613897.0	1	010001001:1	
48	764	746	3	1418613822.0	1	010001001:1	
48	773	766	1	1418614292.0	1	010001001:1	
48	769	746	0	1418614002.0	1	010001001:1	
48	746	746	0	1418613034.0	1	010001001:1	
42	690	689	1	1418606210.0	1	010001001:1	
42	703	688	0	1418607655.0	1	010001001:1	
42	714	688	3	1418609657.0	1	010001001:1	
42	689	688	3	1418606194.0	1	010001001:1	
42	702	688	3	1418607626.0	1	010001001:1	
42	697	688	2	1418606868.0	1	010001001:1	
42	716	714	2	1418609776.0	1	010001001:1	
42	694	688	0	1418606625.0	1	010001001:1	
42	688	688	0	1418606178.0	1	010001001:1	
65	983	966	0	1418645039.0	1	010001001:1	
65	986	966	3	1418645128.0	1	010001001:1	
65	1014	966	3	1418645726.0	1	010001001:1	
65	995	966	3	1418645448.0	1	010001001:1	
65	993	966	0	1418645430.0	1	010001001:1	
65	1011	988	0	1418645667.0	1	010001001:1	
65	977	966	3	1418644943.0	1	010001001:1	
65	985	974	0	1418645102.0	1	010001001:1	
65	982	966	3	1418645037.0	1	010001001:1	
65	975	966	2	1418644896.0	1	010001001:1	
65	988	966	0	1418645304.0	1	010001001:1	
65	974	969	1	1418644884.0	1	010001001:1	
65	969	966	0	1418644808.0	1	010001001:1	
65	990	966	0	1418645352.0	1	010001001:1	
65	968	966	0	1418644798.0	1	010001001:1	
65	966	966	0	1418644764.0	1	010001001:1	
57	939	925	3	1418644309.0	1	010001001:1	
57	936	925	2	1418644058.0	1	010001001:1	
57	931	925	3	1418643920.0	1	010001001:1	
57	967	925	3	1418644769.0	1	010001001:1	
57	932	925	3	1418643933.0	1	010001001:1	
57	930	925	0	1418643892.0	1	010001001:1	
57	929	925	3	1418643888.0	1	010001001:1	
57	934	925	3	1418643966.0	1	010001001:1	
57	927	925	3	1418643827.0	1	010001001:1	
57	935	925	3	1418644025.0	1	010001001:1	
57	925	925	0	1418643782.0	1	010001001:1	
46	810	736	1	1418617900.0	1	010001001:1	
46	737	736	0	1418611507.0	1	010001001:1	
46	757	736	3	1418613514.0	1	010001001:1	
46	739	736	0	1418611582.0	1	010001001:1	
46	738	736	3	1418611535.0	1	010001001:1	
46	802	736	2	1418617078.0	1	010001001:1	
46	839	736	3	1418622120.0	1	010001001:1	
46	736	736	0	1418611372.0	1	010001001:1	
60	963	940	0	1418644730.0	1	010001001:1	
60	1051	940	2	1418646873.0	1	010001001:1	
60	972	940	3	1418644881.0	1	010001001:1	
60	949	940	0	1418644453.0	1	010001001:1	
60	940	940	0	1418644310.0	1	010001001:1	
41	686	676	0	1418606048.0	1	010001001:1	
41	681	676	2	1418605827.0	1	010001001:1	
41	682	676	0	1418605842.0	1	010001001:1	
41	676	676	0	1418605698.0	1	010001001:1	
4	143	137	3	1418589736.0	1	010001001:1	
4	82	74	3	1418588639.0	1	010001001:1	
4	88	82	3	1418588730.0	1	010001001:1	
4	44	5	3	1418587934.0	1	010001001:1	
4	74	68	1	1418588484.0	1	010001001:1	
4	57	5	3	1418588234.0	1	010001001:1	
4	108	88	3	1418588982.0	1	010001001:1	
4	153	143	3	1418589905.0	1	010001001:1	
4	46	5	3	1418588003.0	1	010001001:1	
4	109	108	1	1418589065.0	1	010001001:1	
4	43	5	3	1418587881.0	1	010001001:1	
4	32	5	3	1418587646.0	1	010001001:1	
4	137	109	1	1418589653.0	1	010001001:1	
4	97	5	2	1418588838.0	1	010001001:1	
4	13	5	3	1418587096.0	1	010001001:1	
4	159	153	3	1418589973.0	1	010001001:1	
4	68	13	0	1418588374.0	1	010001001:1	
4	5	5	0	1418586779.0	1	010001001:1	
43	850	698	0	1418629884.0	1	010001001:1	
43	859	698	0	1418629932.0	1	010001001:1	
43	741	698	2	1418612113.0	1	010001001:1	
43	700	698	3	1418607588.0	1	010001001:1	
43	775	698	3	1418615182.0	1	010001001:1	
43	701	700	3	1418607606.0	1	010001001:1	
43	860	698	3	1418629937.0	1	010001001:1	
43	852	698	3	1418629892.0	1	010001001:1	
43	837	698	2	1418621720.0	1	010001001:1	
43	708	698	1	1418608691.0	1	010001001:1	
43	851	698	3	1418629888.0	1	010001001:1	
43	855	698	3	1418629913.0	1	010001001:1	
43	858	698	0	1418629927.0	1	010001001:1	
43	856	698	3	1418629917.0	1	010001001:1	
43	841	698	1	1418622205.0	1	010001001:1	
43	857	698	0	1418629923.0	1	010001001:1	
43	854	698	3	1418629901.0	1	010001001:1	
43	707	698	0	1418608624.0	1	010001001:1	
43	698	698	0	1418607562.0	1	010001001:1	
29	468	364	3	1418598487.0	1	010001001:1	
29	898	364	3	1418637171.0	1	010001001:1	
29	418	364	3	1418596855.0	1	010001001:1	
29	364	364	0	1418595133.0	1	010001001:1	
26	345	332	3	1418594164.0	1	010001001:1	
26	337	332	3	1418594051.0	1	010001001:1	
26	351	348	3	1418594438.0	1	010001001:1	
26	341	332	3	1418594112.0	1	010001001:1	
26	342	332	3	1418594114.0	1	010001001:1	
26	347	332	3	1418594176.0	1	010001001:1	
26	344	332	3	1418594127.0	1	010001001:1	
26	346	332	3	1418594170.0	1	010001001:1	
26	338	332	3	1418594062.0	1	010001001:1	
26	335	332	3	1418593999.0	1	010001001:1	
26	354	352	3	1418594555.0	1	010001001:1	
26	340	332	3	1418594089.0	1	010001001:1	
26	339	335	3	1418594064.0	1	010001001:1	
26	348	332	3	1418594212.0	1	010001001:1	
26	343	340	3	1418594116.0	1	010001001:1	
26	352	351	3	1418594499.0	1	010001001:1	
26	332	332	0	1418593953.0	1	010001001:1	
12	129	122	1	1418589420.0	1	010001001:1	
12	130	122	0	1418589426.0	1	010001001:1	
12	149	122	0	1418589817.0	1	010001001:1	
12	138	122	0	1418589678.0	1	010001001:1	
12	148	122	1	1418589812.0	1	010001001:1	
12	132	122	0	1418589450.0	1	010001001:1	
12	139	122	3	1418589693.0	1	010001001:1	
12	126	122	1	1418589392.0	1	010001001:1	
12	141	122	0	1418589729.0	1	010001001:1	
12	147	122	0	1418589810.0	1	010001001:1	
12	131	122	3	1418589446.0	1	010001001:1	
12	150	122	3	1418589823.0	1	010001001:1	
12	122	122	0	1418589369.0	1	010001001:1	
19	234	195	3	1418591898.0	1	010001001:1	
19	290	195	0	1418592953.0	1	010001001:1	
19	246	195	3	1418592006.0	1	010001001:1	
19	237	195	3	1418591922.0	1	010001001:1	
19	288	195	3	1418592907.0	1	010001001:1	
19	272	195	3	1418592443.0	1	010001001:1	
19	206	195	0	1418591478.0	1	010001001:1	
19	198	195	0	1418591307.0	1	010001001:1	
19	320	195	0	1418593566.0	1	010001001:1	
19	221	195	3	1418591767.0	1	010001001:1	
19	195	195	0	1418591284.0	1	010001001:1	
58	1085	933	2	1418669558.0	1	010001001:1	
58	937	933	2	1418644073.0	1	010001001:1	
58	1073	933	3	1418651898.0	1	010001001:1	
58	1080	933	3	1418657714.0	1	010001001:1	
58	976	933	3	1418644920.0	1	010001001:1	
58	1071	933	3	1418651038.0	1	010001001:1	
58	933	933	0	1418643961.0	1	010001001:1	
37	583	521	1	1418602305.0	1	010001001:1	
37	666	632	3	1418605436.0	1	010001001:1	
37	576	521	3	1418602083.0	1	010001001:1	
37	629	561	3	1418604513.0	1	010001001:1	
37	558	557	3	1418601476.0	1	010001001:1	
37	632	530	0	1418604578.0	1	010001001:1	
37	537	521	3	1418600947.0	1	010001001:1	
37	564	561	2	1418601602.0	1	010001001:1	
37	623	524	3	1418604327.0	1	010001001:1	
37	561	528	3	1418601528.0	1	010001001:1	
37	574	521	1	1418601918.0	1	010001001:1	
37	523	521	3	1418600672.0	1	010001001:1	
37	522	521	1	1418600618.0	1	010001001:1	
37	663	627	3	1418605382.0	1	010001001:1	
37	683	663	2	1418605883.0	1	010001001:1	
37	664	523	3	1418605383.0	1	010001001:1	
37	602	521	3	1418603245.0	1	010001001:1	
37	667	523	2	1418605440.0	1	010001001:1	
37	668	633	1	1418605469.0	1	010001001:1	
37	527	521	1	1418600801.0	1	010001001:1	
37	627	530	0	1418604446.0	1	010001001:1	
37	685	668	3	1418605984.0	1	010001001:1	
37	633	629	2	1418604718.0	1	010001001:1	
37	661	523	3	1418605311.0	1	010001001:1	
37	557	528	0	1418601381.0	1	010001001:1	
37	532	527	0	1418600898.0	1	010001001:1	
37	579	577	1	1418602202.0	1	010001001:1	
37	913	830	1	1418640654.0	1	010001001:1	
37	528	521	1	1418600829.0	1	010001001:1	
37	577	564	3	1418602138.0	1	010001001:1	
37	624	528	0	1418604369.0	1	010001001:1	
37	525	521	1	1418600696.0	1	010001001:1	
37	530	521	3	1418600858.0	1	010001001:1	
37	830	627	3	1418619649.0	1	010001001:1	
37	650	633	3	1418604995.0	1	010001001:1	
37	524	521	3	1418600692.0	1	010001001:1	
37	521	521	0	1418600496.0	1	010001001:1	
49	1072	904	0	1418651779.0	1	010001001:1	
49	758	755	3	1418613531.0	1	010001001:1	
49	817	755	0	1418618210.0	1	010001001:1	
49	831	755	2	1418620138.0	1	010001001:1	
49	832	755	3	1418620618.0	1	010001001:1	
49	904	758	3	1418637727.0	1	010001001:1	
49	811	755	3	1418617926.0	1	010001001:1	
49	823	755	3	1418618811.0	1	010001001:1	
49	755	755	0	1418613370.0	1	010001001:1	
45	733	730	3	1418610773.0	1	010001001:1	
45	732	715	2	1418610705.0	1	010001001:1	
45	718	715	3	1418609981.0	1	010001001:1	
45	722	715	2	1418610203.0	1	010001001:1	
45	730	715	2	1418610655.0	1	010001001:1	
45	729	715	2	1418610552.0	1	010001001:1	
45	717	715	3	1418609831.0	1	010001001:1	
45	725	715	3	1418610332.0	1	010001001:1	
45	719	715	0	1418610034.0	1	010001001:1	
45	720	715	0	1418610065.0	1	010001001:1	
45	723	715	3	1418610250.0	1	010001001:1	
45	715	715	0	1418609691.0	1	010001001:1	
23	268	230	1	1418592398.0	1	010001001:1	
23	232	230	3	1418591879.0	1	010001001:1	
23	245	230	3	1418592005.0	1	010001001:1	
23	353	230	3	1418594512.0	1	010001001:1	
23	235	230	3	1418591904.0	1	010001001:1	
23	255	230	3	1418592164.0	1	010001001:1	
23	230	230	0	1418591859.0	1	010001001:1	
56	946	917	3	1418644434.0	1	010001001:1	
56	922	918	3	1418643151.0	1	010001001:1	
56	918	917	3	1418642475.0	1	010001001:1	
56	928	917	3	1418643858.0	1	010001001:1	
56	926	923	3	1418643812.0	1	010001001:1	
56	923	917	3	1418643741.0	1	010001001:1	
56	1066	917	0	1418649974.0	1	010001001:1	
56	962	917	3	1418644729.0	1	010001001:1	
56	917	917	0	1418642288.0	1	010001001:1	
31	401	395	3	1418596294.0	1	010001001:1	
31	388	380	3	1418595912.0	1	010001001:1	
31	413	410	3	1418596686.0	1	010001001:1	
31	575	563	3	1418601958.0	1	010001001:1	
31	406	380	1	1418596432.0	1	010001001:1	
31	395	392	3	1418596144.0	1	010001001:1	
31	398	380	0	1418596186.0	1	010001001:1	
31	594	591	3	1418602859.0	1	010001001:1	
31	387	380	3	1418595908.0	1	010001001:1	
31	391	380	1	1418595963.0	1	010001001:1	
31	454	412	3	1418597934.0	1	010001001:1	
31	595	594	1	1418602934.0	1	010001001:1	
31	581	575	3	1418602245.0	1	010001001:1	
31	619	409	3	1418604060.0	1	010001001:1	
31	409	404	3	1418596464.0	1	010001001:1	
31	571	563	3	1418601856.0	1	010001001:1	
31	563	548	3	1418601547.0	1	010001001:1	
31	404	380	0	1418596392.0	1	010001001:1	
31	591	578	1	1418602679.0	1	010001001:1	
31	610	595	3	1418603729.0	1	010001001:1	
31	385	380	0	1418595893.0	1	010001001:1	
31	705	610	3	1418607982.0	1	010001001:1	
31	383	380	1	1418595887.0	1	010001001:1	
31	410	401	3	1418596504.0	1	010001001:1	
31	578	571	3	1418602188.0	1	010001001:1	
31	417	410	3	1418596759.0	1	010001001:1	
31	384	380	3	1418595889.0	1	010001001:1	
31	392	380	3	1418595968.0	1	010001001:1	
31	396	380	1	1418596163.0	1	010001001:1	
31	412	410	3	1418596640.0	1	010001001:1	
31	548	454	3	1418601144.0	1	010001001:1	
31	380	380	0	1418595818.0	1	010001001:1	
36	508	499	3	1418599592.0	1	010001001:1	
36	509	499	3	1418599602.0	1	010001001:1	
36	506	499	3	1418599545.0	1	010001001:1	
36	505	499	0	1418599520.0	1	010001001:1	
36	511	499	3	1418599668.0	1	010001001:1	
36	503	499	3	1418599505.0	1	010001001:1	
36	513	499	0	1418599726.0	1	010001001:1	
36	514	499	0	1418599827.0	1	010001001:1	
36	502	499	3	1418599504.0	1	010001001:1	
36	507	499	0	1418599586.0	1	010001001:1	
36	501	499	3	1418599492.0	1	010001001:1	
36	515	499	0	1418599828.0	1	010001001:1	
36	510	499	3	1418599621.0	1	010001001:1	
36	516	499	2	1418599840.0	1	010001001:1	
36	500	499	1	1418599474.0	1	010001001:1	
36	695	514	1	1418606631.0	1	010001001:1	
36	512	499	1	1418599680.0	1	010001001:1	
36	499	499	0	1418599435.0	1	010001001:1	
15	188	178	0	1418591091.0	1	010001001:1	
15	180	178	0	1418590937.0	1	010001001:1	
15	318	178	3	1418593525.0	1	010001001:1	
15	312	181	1	1418593407.0	1	010001001:1	
15	298	178	3	1418593112.0	1	010001001:1	
15	299	178	0	1418593140.0	1	010001001:1	
15	200	178	1	1418591316.0	1	010001001:1	
15	181	178	3	1418590942.0	1	010001001:1	
15	203	178	3	1418591403.0	1	010001001:1	
15	197	178	0	1418591306.0	1	010001001:1	
15	186	178	3	1418591059.0	1	010001001:1	
15	192	181	3	1418591150.0	1	010001001:1	
15	292	178	3	1418592969.0	1	010001001:1	
15	202	178	3	1418591374.0	1	010001001:1	
15	211	178	3	1418591666.0	1	010001001:1	
15	219	178	0	1418591744.0	1	010001001:1	
15	178	178	0	1418590908.0	1	010001001:1	
3	40	4	3	1418587830.0	1	010001001:1	
3	6	4	3	1418586855.0	1	010001001:1	
3	15	4	3	1418587128.0	1	010001001:1	
3	19	4	3	1418587136.0	1	010001001:1	
3	21	4	3	1418587177.0	1	010001001:1	
3	48	4	3	1418588051.0	1	010001001:1	
3	89	4	3	1418588735.0	1	010001001:1	
3	29	4	3	1418587516.0	1	010001001:1	
3	4	4	0	1418586761.0	1	010001001:1	
63	954	951	3	1418644624.0	1	010001001:1	
63	959	951	3	1418644675.0	1	010001001:1	
63	951	951	0	1418644515.0	1	010001001:1	
67	1007	992	3	1418645591.0	1	010001001:1	
67	1000	992	3	1418645474.0	1	010001001:1	
67	1003	992	3	1418645507.0	1	010001001:1	
67	999	992	3	1418645473.0	1	010001001:1	
67	1006	992	3	1418645561.0	1	010001001:1	
67	1009	992	3	1418645626.0	1	010001001:1	
67	994	992	3	1418645439.0	1	010001001:1	
67	996	992	3	1418645449.0	1	010001001:1	
67	1008	992	3	1418645611.0	1	010001001:1	
67	998	992	3	1418645464.0	1	010001001:1	
67	1004	992	3	1418645516.0	1	010001001:1	
67	1001	992	3	1418645476.0	1	010001001:1	
67	1002	992	3	1418645501.0	1	010001001:1	
67	992	992	0	1418645407.0	1	010001001:1	
69	1052	1022	3	1418646934.0	1	010001001:1	
69	1044	1022	3	1418646355.0	1	010001001:1	
69	1022	1022	0	1418646069.0	1	010001001:1	
21	275	254	3	1418592591.0	1	010001001:1	
21	241	213	3	1418591981.0	1	010001001:1	
21	214	213	3	1418591727.0	1	010001001:1	
21	264	225	3	1418592340.0	1	010001001:1	
21	262	254	1	1418592244.0	1	010001001:1	
21	254	231	3	1418592160.0	1	010001001:1	
21	226	213	3	1418591829.0	1	010001001:1	
21	258	213	3	1418592179.0	1	010001001:1	
21	236	213	2	1418591905.0	1	010001001:1	
21	231	213	3	1418591864.0	1	010001001:1	
21	291	231	2	1418592958.0	1	010001001:1	
21	244	213	3	1418591995.0	1	010001001:1	
21	260	213	3	1418592196.0	1	010001001:1	
21	251	225	3	1418592112.0	1	010001001:1	
21	250	213	3	1418592097.0	1	010001001:1	
21	252	213	3	1418592116.0	1	010001001:1	
21	218	213	2	1418591743.0	1	010001001:1	
21	227	213	3	1418591830.0	1	010001001:1	
21	239	213	3	1418591940.0	1	010001001:1	
21	294	241	3	1418593044.0	1	010001001:1	
21	273	225	3	1418592489.0	1	010001001:1	
21	225	213	3	1418591827.0	1	010001001:1	
21	247	213	3	1418592039.0	1	010001001:1	
21	213	213	0	1418591691.0	1	010001001:1	
30	420	369	3	1418596947.0	1	010001001:1	
30	376	369	3	1418595665.0	1	010001001:1	
30	588	369	2	1418602505.0	1	010001001:1	
30	684	369	0	1418605976.0	1	010001001:1	
30	379	369	3	1418595738.0	1	010001001:1	
30	390	369	0	1418595941.0	1	010001001:1	
30	434	420	1	1418597299.0	1	010001001:1	
30	394	369	1	1418596045.0	1	010001001:1	
30	402	386	2	1418596295.0	1	010001001:1	
30	504	369	0	1418599517.0	1	010001001:1	
30	424	420	3	1418597104.0	1	010001001:1	
30	399	382	3	1418596190.0	1	010001001:1	
30	382	379	3	1418595884.0	1	010001001:1	
30	403	369	3	1418596345.0	1	010001001:1	
30	381	369	0	1418595823.0	1	010001001:1	
30	386	379	3	1418595894.0	1	010001001:1	
30	369	369	0	1418595209.0	1	010001001:1	
5	18	12	1	1418587136.0	1	010001001:1	
5	27	12	3	1418587379.0	1	010001001:1	
5	64	12	1	1418588329.0	1	010001001:1	
5	56	12	2	1418588233.0	1	010001001:1	
5	41	22	0	1418587849.0	1	010001001:1	
5	20	12	1	1418587166.0	1	010001001:1	
5	560	56	3	1418601514.0	1	010001001:1	
5	1076	560	2	1418655558.0	1	010001001:1	
5	22	12	3	1418587293.0	1	010001001:1	
5	34	12	0	1418587683.0	1	010001001:1	
5	100	12	3	1418588857.0	1	010001001:1	
5	42	12	1	1418587853.0	1	010001001:1	
5	12	12	0	1418587059.0	1	010001001:1	
10	99	78	0	1418588851.0	1	010001001:1	
10	119	78	3	1418589299.0	1	010001001:1	
10	112	78	3	1418589100.0	1	010001001:1	
10	154	78	3	1418589919.0	1	010001001:1	
10	123	78	3	1418589375.0	1	010001001:1	
10	125	78	3	1418589390.0	1	010001001:1	
10	113	78	2	1418589123.0	1	010001001:1	
10	1087	78	3	1418685963.0	1	010001001:1	
10	114	78	3	1418589136.0	1	010001001:1	
10	121	78	3	1418589336.0	1	010001001:1	
10	86	78	3	1418588693.0	1	010001001:1	
10	111	78	3	1418589097.0	1	010001001:1	
10	325	105	3	1418593651.0	1	010001001:1	
10	105	78	2	1418588919.0	1	010001001:1	
10	788	105	3	1418615948.0	1	010001001:1	
10	91	78	3	1418588783.0	1	010001001:1	
10	163	78	3	1418590217.0	1	010001001:1	
10	134	78	3	1418589503.0	1	010001001:1	
10	78	78	0	1418588596.0	1	010001001:1	
1	96	1	3	1418588834.0	1	010001001:1	
1	101	1	3	1418588904.0	1	010001001:1	
1	25	1	3	1418587338.0	1	010001001:1	
1	10	1	3	1418587050.0	1	010001001:1	
1	61	1	2	1418588309.0	1	010001001:1	
1	26	2	3	1418587351.0	1	010001001:1	
1	14	1	3	1418587112.0	1	010001001:1	
1	23	1	3	1418587315.0	1	010001001:1	
1	50	1	3	1418588161.0	1	010001001:1	
1	28	1	3	1418587512.0	1	010001001:1	
1	2	1	3	1418586583.0	1	010001001:1	
1	45	1	3	1418587951.0	1	010001001:1	
1	9	1	3	1418587003.0	1	010001001:1	
1	1	1	0	1418586394.0	1	010001001:1	
11	140	120	3	1418589713.0	1	010001001:1	
11	128	120	3	1418589418.0	1	010001001:1	
11	319	120	3	1418593551.0	1	010001001:1	
11	183	170	3	1418591037.0	1	010001001:1	
11	269	120	3	1418592402.0	1	010001001:1	
11	176	120	3	1418590773.0	1	010001001:1	
11	329	120	3	1418593829.0	1	010001001:1	
11	567	120	0	1418601658.0	1	010001001:1	
11	289	120	3	1418592936.0	1	010001001:1	
11	350	120	3	1418594384.0	1	010001001:1	
11	249	242	3	1418592057.0	1	010001001:1	
11	170	128	3	1418590577.0	1	010001001:1	
11	293	120	3	1418593001.0	1	010001001:1	
11	242	183	3	1418591989.0	1	010001001:1	
11	120	120	0	1418589317.0	1	010001001:1	
68	1020	1010	3	1418645955.0	1	010001001:1	
68	1019	1010	3	1418645915.0	1	010001001:1	
68	1015	1010	3	1418645801.0	1	010001001:1	
68	1013	1010	0	1418645718.0	1	010001001:1	
68	1039	1010	1	1418646251.0	1	010001001:1	
68	1017	1010	0	1418645849.0	1	010001001:1	
68	1026	1010	3	1418646149.0	1	010001001:1	
68	1023	1010	3	1418646089.0	1	010001001:1	
68	1067	1010	3	1418650262.0	1	010001001:1	
68	1018	1010	3	1418645906.0	1	010001001:1	
68	1021	1010	2	1418646004.0	1	010001001:1	
68	1010	1010	0	1418645662.0	1	010001001:1	
40	679	675	2	1418605799.0	1	010001001:1	
40	678	675	3	1418605791.0	1	010001001:1	
40	675	675	0	1418605663.0	1	010001001:1	
27	451	439	3	1418597845.0	1	010001001:1	
27	361	356	3	1418595103.0	1	010001001:1	
27	367	356	3	1418595178.0	1	010001001:1	
27	371	356	3	1418595401.0	1	010001001:1	
27	439	435	3	1418597395.0	1	010001001:1	
27	393	356	3	1418596000.0	1	010001001:1	
27	518	356	3	1418600045.0	1	010001001:1	
27	373	356	3	1418595483.0	1	010001001:1	
27	360	356	3	1418595068.0	1	010001001:1	
27	358	356	3	1418595038.0	1	010001001:1	
27	559	356	3	1418601483.0	1	010001001:1	
27	435	393	3	1418597308.0	1	010001001:1	
27	365	356	3	1418595136.0	1	010001001:1	
27	370	356	3	1418595292.0	1	010001001:1	
27	356	356	0	1418594928.0	1	010001001:1	
53	1090	1089	3	1418703057.0	1	010001001:1	
53	871	862	1	1418634183.0	1	010001001:1	
53	872	862	3	1418634301.0	1	010001001:1	
53	873	869	3	1418634333.0	1	010001001:1	
53	1091	1090	3	1418703575.0	1	010001001:1	
53	1097	1092	3	1418704216.0	1	010001001:1	
53	1100	1095	3	1418704282.0	1	010001001:1	
53	1098	1093	3	1418704235.0	1	010001001:1	
53	1102	1101	3	1418706101.0	1	010001001:1	
53	1093	869	3	1418703881.0	1	010001001:1	
53	875	867	3	1418634680.0	1	010001001:1	
53	877	870	3	1418634932.0	1	010001001:1	
53	868	867	3	1418633914.0	1	010001001:1	
53	866	862	1	1418633361.0	1	010001001:1	
53	864	862	3	1418633021.0	1	010001001:1	
53	1099	1094	3	1418704252.0	1	010001001:1	
53	867	862	1	1418633833.0	1	010001001:1	
53	1082	899	3	1418665066.0	1	010001001:1	
53	863	862	2	1418632500.0	1	010001001:1	
53	869	867	3	1418634074.0	1	010001001:1	
53	1096	1091	3	1418704158.0	1	010001001:1	
53	874	867	3	1418634458.0	1	010001001:1	
53	1101	1097	3	1418704363.0	1	010001001:1	
53	1089	1082	3	1418702608.0	1	010001001:1	
53	876	869	3	1418634744.0	1	010001001:1	
53	894	862	0	1418636692.0	1	010001001:1	
53	1094	869	3	1418703936.0	1	010001001:1	
53	1092	1090	3	1418703670.0	1	010001001:1	
53	906	876	3	1418638014.0	1	010001001:1	
53	1095	1091	3	1418704148.0	1	010001001:1	
53	870	869	3	1418634176.0	1	010001001:1	
53	878	873	3	1418635015.0	1	010001001:1	
53	899	869	3	1418637190.0	1	010001001:1	
53	862	862	1	1418632309.0	1	010001001:1	
2	7	3	1	1418586923.0	1	010001001:1	
2	11	3	3	1418587053.0	1	010001001:1	
2	833	3	1	1418620804.0	1	010001001:1	
2	30	3	1	1418587523.0	1	010001001:1	
2	8	3	2	1418586933.0	1	010001001:1	
2	103	8	3	1418588916.0	1	010001001:1	
2	326	3	1	1418593744.0	1	010001001:1	
2	355	3	1	1418594656.0	1	010001001:1	
2	17	11	3	1418587135.0	1	010001001:1	
2	24	17	3	1418587316.0	1	010001001:1	
2	228	3	1	1418591830.0	1	010001001:1	
2	16	3	2	1418587131.0	1	010001001:1	
2	3	3	0	1418586709.0	1	010001001:1	
66	1038	980	3	1418646243.0	1	010001001:1	
66	1068	980	3	1418650290.0	1	010001001:1	
66	1057	980	0	1418647948.0	1	010001001:1	
66	991	989	3	1418645352.0	1	010001001:1	
66	1059	980	3	1418648531.0	1	010001001:1	
66	1061	980	3	1418649315.0	1	010001001:1	
66	1069	980	3	1418650641.0	1	010001001:1	
66	989	980	3	1418645320.0	1	010001001:1	
66	1058	980	2	1418648231.0	1	010001001:1	
66	1070	980	3	1418650830.0	1	010001001:1	
66	1042	980	2	1418646346.0	1	010001001:1	
66	1064	980	3	1418649653.0	1	010001001:1	
66	1047	980	3	1418646586.0	1	010001001:1	
66	1012	980	0	1418645711.0	1	010001001:1	
66	1005	997	3	1418645534.0	1	010001001:1	
66	1016	980	0	1418645845.0	1	010001001:1	
66	997	991	3	1418645451.0	1	010001001:1	
66	980	980	0	1418644995.0	1	010001001:1	
6	39	31	3	1418587817.0	1	010001001:1	
6	279	51	3	1418592695.0	1	010001001:1	
6	36	33	3	1418587692.0	1	010001001:1	
6	52	47	3	1418588194.0	1	010001001:1	
6	277	39	2	1418592645.0	1	010001001:1	
6	182	133	2	1418590975.0	1	010001001:1	
6	278	276	2	1418592685.0	1	010001001:1	
6	54	51	2	1418588210.0	1	010001001:1	
6	110	31	3	1418589074.0	1	010001001:1	
6	280	278	3	1418592735.0	1	010001001:1	
6	189	179	3	1418591102.0	1	010001001:1	
6	71	55	2	1418588407.0	1	010001001:1	
6	179	177	3	1418590911.0	1	010001001:1	
6	165	161	0	1418590312.0	1	010001001:1	
6	174	171	3	1418590742.0	1	010001001:1	
6	199	189	0	1418591310.0	1	010001001:1	
6	47	31	2	1418588004.0	1	010001001:1	
6	168	133	3	1418590471.0	1	010001001:1	
6	276	37	3	1418592623.0	1	010001001:1	
6	161	135	3	1418590127.0	1	010001001:1	
6	124	110	3	1418589381.0	1	010001001:1	
6	281	279	0	1418592760.0	1	010001001:1	
6	59	54	0	1418588274.0	1	010001001:1	
6	284	277	3	1418592853.0	1	010001001:1	
6	172	168	3	1418590627.0	1	010001001:1	
6	204	201	3	1418591435.0	1	010001001:1	
6	51	47	3	1418588162.0	1	010001001:1	
6	171	133	3	1418590613.0	1	010001001:1	
6	184	182	3	1418591058.0	1	010001001:1	
6	205	199	3	1418591448.0	1	010001001:1	
6	201	191	3	1418591359.0	1	010001001:1	
6	135	133	3	1418589544.0	1	010001001:1	
6	469	37	3	1418598511.0	1	010001001:1	
6	70	31	2	1418588396.0	1	010001001:1	
6	133	124	3	1418589473.0	1	010001001:1	
6	55	31	2	1418588220.0	1	010001001:1	
6	33	31	3	1418587679.0	1	010001001:1	
6	177	174	3	1418590814.0	1	010001001:1	
6	37	31	3	1418587735.0	1	010001001:1	
6	191	184	3	1418591130.0	1	010001001:1	
6	84	31	3	1418588675.0	1	010001001:1	
6	31	31	0	1418587631.0	1	010001001:1	
25	309	295	0	1418593331.0	1	010001001:1	
25	307	295	3	1418593286.0	1	010001001:1	
25	301	295	0	1418593157.0	1	010001001:1	
25	323	295	3	1418593632.0	1	010001001:1	
25	310	295	0	1418593343.0	1	010001001:1	
25	327	295	3	1418593762.0	1	010001001:1	
25	541	328	1	1418601013.0	1	010001001:1	
25	322	295	3	1418593607.0	1	010001001:1	
25	317	295	3	1418593524.0	1	010001001:1	
25	313	295	3	1418593415.0	1	010001001:1	
25	415	309	3	1418596726.0	1	010001001:1	
25	315	295	2	1418593445.0	1	010001001:1	
25	303	295	3	1418593190.0	1	010001001:1	
25	321	316	0	1418593593.0	1	010001001:1	
25	297	295	3	1418593093.0	1	010001001:1	
25	1086	301	3	1418679545.0	1	010001001:1	
25	330	295	2	1418593930.0	1	010001001:1	
25	416	315	3	1418596757.0	1	010001001:1	
25	311	301	3	1418593356.0	1	010001001:1	
25	304	295	3	1418593209.0	1	010001001:1	
25	328	295	3	1418593823.0	1	010001001:1	
25	316	295	3	1418593498.0	1	010001001:1	
25	334	295	3	1418593988.0	1	010001001:1	
25	295	295	0	1418593058.0	1	010001001:1	
14	267	248	3	1418592375.0	1	010001001:1	
14	519	169	0	1418600416.0	1	010001001:1	
14	363	169	3	1418595130.0	1	010001001:1	
14	248	169	3	1418592045.0	1	010001001:1	
14	331	169	0	1418593930.0	1	010001001:1	
14	224	169	0	1418591811.0	1	010001001:1	
14	565	169	3	1418601614.0	1	010001001:1	
14	592	565	2	1418602713.0	1	010001001:1	
14	169	169	0	1418590557.0	1	010001001:1	
61	970	941	3	1418644828.0	1	010001001:1	
61	953	941	3	1418644519.0	1	010001001:1	
61	1049	941	3	1418646615.0	1	010001001:1	
61	941	941	0	1418644313.0	1	010001001:1	
33	429	421	3	1418597174.0	1	010001001:1	
33	427	421	3	1418597137.0	1	010001001:1	
33	440	421	2	1418597418.0	1	010001001:1	
33	431	421	3	1418597255.0	1	010001001:1	
33	442	421	3	1418597448.0	1	010001001:1	
33	453	446	3	1418597888.0	1	010001001:1	
33	426	421	3	1418597135.0	1	010001001:1	
33	430	421	0	1418597190.0	1	010001001:1	
33	433	430	1	1418597282.0	1	010001001:1	
33	447	421	0	1418597525.0	1	010001001:1	
33	432	421	3	1418597275.0	1	010001001:1	
33	436	431	3	1418597311.0	1	010001001:1	
33	445	443	3	1418597510.0	1	010001001:1	
33	438	421	3	1418597345.0	1	010001001:1	
33	422	421	3	1418597052.0	1	010001001:1	
33	443	421	2	1418597490.0	1	010001001:1	
33	441	421	3	1418597435.0	1	010001001:1	
33	428	421	3	1418597153.0	1	010001001:1	
33	425	421	3	1418597131.0	1	010001001:1	
33	446	421	3	1418597525.0	1	010001001:1	
33	421	421	0	1418597001.0	1	010001001:1	
44	704	699	0	1418607661.0	1	010001001:1	
44	721	699	2	1418610173.0	1	010001001:1	
44	699	699	0	1418607570.0	1	010001001:1	
0	333	0	3	1418593955.0	1	010001001:1	
0	35	0	3	1418587685.0	1	010001001:1	
0	95	0	3	1418588831.0	1	010001001:1	
0	38	0	3	1418587812.0	1	010001001:1	
0	0	0	0	1418586152.0	1	010001001:1	
32	696	473	1	1418606738.0	1	010001001:1	
32	405	400	0	1418596432.0	1	010001001:1	
32	489	400	1	1418599009.0	1	010001001:1	
32	473	400	1	1418598563.0	1	010001001:1	
32	437	423	3	1418597337.0	1	010001001:1	
32	419	414	3	1418596858.0	1	010001001:1	
32	455	400	1	1418598107.0	1	010001001:1	
32	488	400	0	1418598941.0	1	010001001:1	
32	671	400	3	1418605593.0	1	010001001:1	
32	423	414	3	1418597057.0	1	010001001:1	
32	670	400	0	1418605581.0	1	010001001:1	
32	493	400	3	1418599119.0	1	010001001:1	
32	496	400	1	1418599267.0	1	010001001:1	
32	411	400	1	1418596607.0	1	010001001:1	
32	491	400	0	1418599028.0	1	010001001:1	
32	520	400	0	1418600440.0	1	010001001:1	
32	672	400	3	1418605598.0	1	010001001:1	
32	495	400	3	1418599192.0	1	010001001:1	
32	414	400	3	1418596705.0	1	010001001:1	
32	400	400	0	1418596194.0	1	010001001:1	
18	490	193	1	1418599019.0	1	010001001:1	
18	452	193	2	1418597888.0	1	010001001:1	
18	207	193	0	1418591551.0	1	010001001:1	
18	818	193	0	1418618242.0	1	010001001:1	
18	193	193	0	1418591209.0	1	010001001:1	
16	324	185	3	1418593636.0	1	010001001:1	
16	243	185	3	1418591993.0	1	010001001:1	
16	185	185	0	1418591058.0	1	010001001:1	
7	85	49	3	1418588682.0	1	010001001:1	
7	72	53	2	1418588409.0	1	010001001:1	
7	377	106	3	1418595677.0	1	010001001:1	
7	62	49	1	1418588323.0	1	010001001:1	
7	92	49	0	1418588797.0	1	010001001:1	
7	628	53	3	1418604483.0	1	010001001:1	
7	66	49	3	1418588365.0	1	010001001:1	
7	282	106	3	1418592804.0	1	010001001:1	
7	368	107	0	1418595199.0	1	010001001:1	
7	58	49	0	1418588244.0	1	010001001:1	
7	444	377	3	1418597499.0	1	010001001:1	
7	81	49	3	1418588633.0	1	010001001:1	
7	79	49	3	1418588600.0	1	010001001:1	
7	118	115	3	1418589180.0	1	010001001:1	
7	127	118	3	1418589398.0	1	010001001:1	
7	87	49	3	1418588708.0	1	010001001:1	
7	407	397	3	1418596433.0	1	010001001:1	
7	115	65	3	1418589139.0	1	010001001:1	
7	65	49	3	1418588355.0	1	010001001:1	
7	372	116	0	1418595473.0	1	010001001:1	
7	116	49	0	1418589166.0	1	010001001:1	
7	60	49	3	1418588295.0	1	010001001:1	
7	53	49	3	1418588208.0	1	010001001:1	
7	861	407	0	1418631819.0	1	010001001:1	
7	102	49	3	1418588914.0	1	010001001:1	
7	106	49	0	1418588924.0	1	010001001:1	
7	117	49	2	1418589169.0	1	010001001:1	
7	107	49	3	1418588944.0	1	010001001:1	
7	366	65	3	1418595173.0	1	010001001:1	
7	397	372	3	1418596168.0	1	010001001:1	
7	49	49	0	1418588151.0	1	010001001:1	
17	196	187	0	1418591303.0	1	010001001:1	
17	233	194	3	1418591887.0	1	010001001:1	
17	448	187	1	1418597532.0	1	010001001:1	
17	208	187	3	1418591600.0	1	010001001:1	
17	212	187	2	1418591672.0	1	010001001:1	
17	209	187	1	1418591649.0	1	010001001:1	
17	194	187	3	1418591282.0	1	010001001:1	
17	828	187	3	1418619335.0	1	010001001:1	
17	190	187	0	1418591108.0	1	010001001:1	
17	257	187	1	1418592177.0	1	010001001:1	
17	187	187	0	1418591082.0	1	010001001:1	
13	167	144	1	1418590410.0	1	010001001:1	
13	166	144	0	1418590323.0	1	010001001:1	
13	375	144	3	1418595637.0	1	010001001:1	
13	156	144	3	1418589928.0	1	010001001:1	
13	162	144	3	1418590130.0	1	010001001:1	
13	158	144	0	1418589946.0	1	010001001:1	
13	374	362	3	1418595563.0	1	010001001:1	
13	151	144	3	1418589846.0	1	010001001:1	
13	155	144	3	1418589920.0	1	010001001:1	
13	146	144	3	1418589809.0	1	010001001:1	
13	259	144	3	1418592185.0	1	010001001:1	
13	160	144	0	1418590019.0	1	010001001:1	
13	362	144	3	1418595109.0	1	010001001:1	
13	449	144	3	1418597601.0	1	010001001:1	
13	164	144	0	1418590279.0	1	010001001:1	
13	152	144	0	1418589884.0	1	010001001:1	
13	287	144	0	1418592893.0	1	010001001:1	
13	175	164	3	1418590758.0	1	010001001:1	
13	173	144	0	1418590732.0	1	010001001:1	
13	144	144	0	1418589738.0	1	010001001:1	
20	314	210	3	1418593440.0	1	010001001:1	
20	517	210	3	1418599997.0	1	010001001:1	
20	378	210	3	1418595681.0	1	010001001:1	
20	217	210	3	1418591735.0	1	010001001:1	
20	215	210	2	1418591729.0	1	010001001:1	
20	1063	210	0	1418649487.0	1	010001001:1	
20	336	210	0	1418594041.0	1	010001001:1	
20	271	210	3	1418592442.0	1	010001001:1	
20	1062	210	3	1418649486.0	1	010001001:1	
20	349	210	3	1418594278.0	1	010001001:1	
20	210	210	0	1418591653.0	1	010001001:1	
55	912	910	3	1418639735.0	1	010001001:1	
55	924	907	3	1418643767.0	1	010001001:1	
55	908	907	1	1418639284.0	1	010001001:1	
55	911	907	3	1418639648.0	1	010001001:1	
55	910	909	3	1418639459.0	1	010001001:1	
55	920	907	3	1418642846.0	1	010001001:1	
55	921	920	3	1418642878.0	1	010001001:1	
55	909	907	3	1418639285.0	1	010001001:1	
55	907	907	0	1418639181.0	1	010001001:1	
59	1048	1046	2	1418646607.0	1	010001001:1	
59	955	938	3	1418644661.0	1	010001001:1	
59	1053	1048	3	1418647177.0	1	010001001:1	
59	1054	1053	0	1418647338.0	1	010001001:1	
59	1046	964	2	1418646477.0	1	010001001:1	
59	950	938	0	1418644489.0	1	010001001:1	
59	947	938	3	1418644436.0	1	010001001:1	
59	1050	1046	3	1418646621.0	1	010001001:1	
59	961	955	0	1418644722.0	1	010001001:1	
59	943	938	3	1418644405.0	1	010001001:1	
59	964	955	0	1418644734.0	1	010001001:1	
59	938	938	0	1418644177.0	1	010001001:1	
51	792	780	3	1418616121.0	1	010001001:1	
51	795	780	3	1418616345.0	1	010001001:1	
51	803	780	3	1418617366.0	1	010001001:1	
51	786	780	3	1418615680.0	1	010001001:1	
51	780	780	0	1418615430.0	1	010001001:1	
35	480	461	3	1418598651.0	1	010001001:1	
35	472	459	2	1418598534.0	1	010001001:1	
35	483	459	3	1418598689.0	1	010001001:1	
35	464	459	1	1418598405.0	1	010001001:1	
35	475	459	2	1418598585.0	1	010001001:1	
35	486	480	3	1418598777.0	1	010001001:1	
35	484	459	3	1418598708.0	1	010001001:1	
35	461	459	0	1418598379.0	1	010001001:1	
35	497	486	3	1418599282.0	1	010001001:1	
35	463	459	0	1418598403.0	1	010001001:1	
35	471	459	1	1418598520.0	1	010001001:1	
35	466	460	3	1418598447.0	1	010001001:1	
35	485	459	2	1418598756.0	1	010001001:1	
35	460	459	0	1418598373.0	1	010001001:1	
35	462	459	2	1418598391.0	1	010001001:1	
35	474	459	0	1418598568.0	1	010001001:1	
35	470	459	0	1418598515.0	1	010001001:1	
35	465	459	1	1418598439.0	1	010001001:1	
35	459	459	0	1418598335.0	1	010001001:1	
54	902	901	2	1418637428.0	1	010001001:1	
54	1060	888	3	1418648836.0	1	010001001:1	
54	896	879	3	1418637111.0	1	010001001:1	
54	884	879	3	1418635966.0	1	010001001:1	
54	883	879	3	1418635963.0	1	010001001:1	
54	889	879	3	1418636554.0	1	010001001:1	
54	1103	919	3	1418758437.0	1	010001001:1	
54	887	879	3	1418636515.0	1	010001001:1	
54	903	902	3	1418637494.0	1	010001001:1	
54	919	914	3	1418642627.0	1	010001001:1	
54	881	879	1	1418635827.0	1	010001001:1	
54	890	879	3	1418636613.0	1	010001001:1	
54	893	879	3	1418636633.0	1	010001001:1	
54	901	900	2	1418637276.0	1	010001001:1	
54	916	893	3	1418641666.0	1	010001001:1	
54	900	895	0	1418637218.0	1	010001001:1	
54	892	879	3	1418636631.0	1	010001001:1	
54	888	886	3	1418636548.0	1	010001001:1	
54	1105	1104	3	1418759739.0	1	010001001:1	
54	905	882	3	1418637905.0	1	010001001:1	
54	880	879	0	1418635805.0	1	010001001:1	
54	882	879	3	1418635851.0	1	010001001:1	
54	915	893	3	1418641623.0	1	010001001:1	
54	1104	1103	0	1418759593.0	1	010001001:1	
54	886	882	3	1418636110.0	1	010001001:1	
54	891	879	0	1418636616.0	1	010001001:1	
54	914	905	3	1418641296.0	1	010001001:1	
54	895	879	0	1418637058.0	1	010001001:1	
54	1106	1104	3	1418764758.0	1	010001001:1	
54	885	879	3	1418635975.0	1	010001001:1	
54	879	879	0	1418635761.0	1	010001001:1	
24	794	253	3	1418616291.0	1	010001001:1	
24	266	263	3	1418592367.0	1	010001001:1	
24	256	253	3	1418592176.0	1	010001001:1	
24	265	253	3	1418592353.0	1	010001001:1	
24	285	253	1	1418592876.0	1	010001001:1	
24	302	253	3	1418593182.0	1	010001001:1	
24	359	253	3	1418595067.0	1	010001001:1	
24	261	253	3	1418592242.0	1	010001001:1	
24	274	266	2	1418592511.0	1	010001001:1	
24	263	256	0	1418592289.0	1	010001001:1	
24	253	253	0	1418592117.0	1	010001001:1	
38	638	539	3	1418604826.0	1	010001001:1	
38	562	536	2	1418601543.0	1	010001001:1	
38	637	536	3	1418604812.0	1	010001001:1	
38	842	740	3	1418622543.0	1	010001001:1	
38	597	590	3	1418603016.0	1	010001001:1	
38	665	640	3	1418605413.0	1	010001001:1	
38	631	626	3	1418604555.0	1	010001001:1	
38	844	585	3	1418623433.0	1	010001001:1	
38	611	609	3	1418603756.0	1	010001001:1	
38	570	540	3	1418601855.0	1	010001001:1	
38	653	626	3	1418605065.0	1	010001001:1	
38	598	597	3	1418603086.0	1	010001001:1	
38	635	533	3	1418604795.0	1	010001001:1	
38	589	573	3	1418602566.0	1	010001001:1	
38	534	526	2	1418600901.0	1	010001001:1	
38	648	549	3	1418604972.0	1	010001001:1	
38	556	555	0	1418601337.0	1	010001001:1	
38	544	526	2	1418601078.0	1	010001001:1	
38	691	687	2	1418606310.0	1	010001001:1	
38	552	550	3	1418601186.0	1	010001001:1	
38	652	552	3	1418605014.0	1	010001001:1	
38	659	562	0	1418605286.0	1	010001001:1	
38	569	529	3	1418601726.0	1	010001001:1	
38	620	614	3	1418604071.0	1	010001001:1	
38	550	545	2	1418601148.0	1	010001001:1	
38	531	526	3	1418600886.0	1	010001001:1	
38	658	653	3	1418605199.0	1	010001001:1	
38	601	533	3	1418603237.0	1	010001001:1	
38	612	609	3	1418603789.0	1	010001001:1	
38	585	582	3	1418602404.0	1	010001001:1	
38	609	607	3	1418603638.0	1	010001001:1	
38	656	637	3	1418605098.0	1	010001001:1	
38	590	589	3	1418602649.0	1	010001001:1	
38	582	549	3	1418602263.0	1	010001001:1	
38	604	600	3	1418603506.0	1	010001001:1	
38	621	614	1	1418604281.0	1	010001001:1	
38	662	659	3	1418605350.0	1	010001001:1	
38	580	542	0	1418602209.0	1	010001001:1	
38	645	626	0	1418604923.0	1	010001001:1	
38	614	603	3	1418603820.0	1	010001001:1	
38	533	526	2	1418600901.0	1	010001001:1	
38	846	640	3	1418626612.0	1	010001001:1	
38	543	538	3	1418601034.0	1	010001001:1	
38	742	740	0	1418612586.0	1	010001001:1	
38	643	542	0	1418604891.0	1	010001001:1	
38	655	634	3	1418605088.0	1	010001001:1	
38	644	640	3	1418604921.0	1	010001001:1	
38	606	568	3	1418603573.0	1	010001001:1	
38	680	677	3	1418605817.0	1	010001001:1	
38	568	539	3	1418601706.0	1	010001001:1	
38	618	611	3	1418603969.0	1	010001001:1	
38	547	546	3	1418601143.0	1	010001001:1	
38	709	654	3	1418608901.0	1	010001001:1	
38	651	550	2	1418605004.0	1	010001001:1	
38	540	526	2	1418600979.0	1	010001001:1	
38	529	526	3	1418600856.0	1	010001001:1	
38	740	735	3	1418611690.0	1	010001001:1	
38	639	636	2	1418604853.0	1	010001001:1	
38	677	573	3	1418605720.0	1	010001001:1	
38	640	539	3	1418604864.0	1	010001001:1	
38	538	526	2	1418600952.0	1	010001001:1	
38	646	544	3	1418604936.0	1	010001001:1	
38	649	551	3	1418604981.0	1	010001001:1	
38	600	598	1	1418603229.0	1	010001001:1	
38	536	526	3	1418600939.0	1	010001001:1	
38	713	710	0	1418609393.0	1	010001001:1	
38	674	641	3	1418605657.0	1	010001001:1	
38	634	529	2	1418604789.0	1	010001001:1	
38	622	620	3	1418604304.0	1	010001001:1	
38	599	540	3	1418603112.0	1	010001001:1	
38	539	526	2	1418600955.0	1	010001001:1	
38	535	526	3	1418600929.0	1	010001001:1	
38	546	543	3	1418601098.0	1	010001001:1	
38	573	547	3	1418601876.0	1	010001001:1	
38	553	547	3	1418601214.0	1	010001001:1	
38	693	552	3	1418606561.0	1	010001001:1	
38	626	620	3	1418604434.0	1	010001001:1	
38	687	596	3	1418606158.0	1	010001001:1	
38	657	654	3	1418605169.0	1	010001001:1	
38	549	526	2	1418601145.0	1	010001001:1	
38	596	534	3	1418602971.0	1	010001001:1	
38	845	844	0	1418623518.0	1	010001001:1	
38	654	652	0	1418605075.0	1	010001001:1	
38	641	540	3	1418604872.0	1	010001001:1	
38	625	621	3	1418604388.0	1	010001001:1	
38	554	552	3	1418601257.0	1	010001001:1	
38	692	620	3	1418606319.0	1	010001001:1	
38	607	604	3	1418603596.0	1	010001001:1	
38	608	531	2	1418603615.0	1	010001001:1	
38	642	638	2	1418604891.0	1	010001001:1	
38	735	709	3	1418610833.0	1	010001001:1	
38	587	580	3	1418602503.0	1	010001001:1	
38	660	646	3	1418605293.0	1	010001001:1	
38	636	534	3	1418604803.0	1	010001001:1	
38	545	526	3	1418601078.0	1	010001001:1	
38	710	709	3	1418608996.0	1	010001001:1	
38	542	526	2	1418601023.0	1	010001001:1	
38	555	553	3	1418601304.0	1	010001001:1	
38	551	526	3	1418601156.0	1	010001001:1	
38	615	609	3	1418603853.0	1	010001001:1	
38	673	570	1	1418605627.0	1	010001001:1	
38	603	562	0	1418603392.0	1	010001001:1	
38	526	526	0	1418600744.0	1	010001001:1	
64	973	965	3	1418644884.0	1	010001001:1	
64	981	965	3	1418645000.0	1	010001001:1	
64	984	965	3	1418645047.0	1	010001001:1	
64	979	965	3	1418644977.0	1	010001001:1	
64	965	965	0	1418644763.0	1	010001001:1	
22	286	283	2	1418592890.0	1	010001001:1	
22	300	296	3	1418593145.0	1	010001001:1	
22	229	223	1	1418591838.0	1	010001001:1	
22	305	300	3	1418593225.0	1	010001001:1	
22	222	216	1	1418591775.0	1	010001001:1	
22	306	229	3	1418593229.0	1	010001001:1	
22	308	305	2	1418593328.0	1	010001001:1	
22	223	216	3	1418591790.0	1	010001001:1	
22	283	240	3	1418592837.0	1	010001001:1	
22	270	216	0	1418592428.0	1	010001001:1	
22	240	229	1	1418591953.0	1	010001001:1	
22	296	286	3	1418593077.0	1	010001001:1	
22	220	216	1	1418591762.0	1	010001001:1	
22	238	216	1	1418591931.0	1	010001001:1	
22	216	216	0	1418591730.0	1	010001001:1	
8	142	136	3	1418589735.0	1	010001001:1	
8	706	63	1	1418608423.0	1	010001001:1	
8	67	63	3	1418588368.0	1	010001001:1	
8	157	145	3	1418589930.0	1	010001001:1	
8	69	63	3	1418588392.0	1	010001001:1	
8	136	104	3	1418589561.0	1	010001001:1	
8	848	63	3	1418628138.0	1	010001001:1	
8	711	706	1	1418609218.0	1	010001001:1	
8	104	67	3	1418588917.0	1	010001001:1	
8	145	142	2	1418589800.0	1	010001001:1	
8	63	63	0	1418588328.0	1	010001001:1	
34	481	456	1	1418598658.0	1	010001001:1	
34	482	456	3	1418598668.0	1	010001001:1	
34	487	456	3	1418598782.0	1	010001001:1	
34	478	456	3	1418598636.0	1	010001001:1	
34	494	456	3	1418599125.0	1	010001001:1	
34	492	456	3	1418599040.0	1	010001001:1	
34	479	456	3	1418598639.0	1	010001001:1	
34	477	456	3	1418598623.0	1	010001001:1	
34	467	456	0	1418598453.0	1	010001001:1	
34	458	456	1	1418598299.0	1	010001001:1	
34	476	456	2	1418598592.0	1	010001001:1	
34	457	456	1	1418598279.0	1	010001001:1	
34	498	456	2	1418599424.0	1	010001001:1	
34	456	456	0	1418598202.0	1	010001001:1	
